event	time	x1_bM	x2_bM	x3_bM	x4_bM	x5_bM	x6_indep_bM	x7_bM	x1_bA	x2_bA	x3_bA	x4_bA	x5_bA	x6_indep_bA	x7_bA	T4.00_indep_bM	T4.50_indep_bM	T5.00_indep_bM	T5.50_indep_bM	T6.00_indep_bM	T6.50_indep_bM	T7.00_indep_bM	T7.50_indep_bM	T8.00_indep_bM	Mmean_indep_bM	dE12_indep_bM	bM	a_bM	eta_bM	deltaM_bM	mu4.00_indep_bM	mu4.50_indep_bM	mu5.00_indep_bM	mu5.50_indep_bM	mu6.00_indep_bM	mu6.50_indep_bM	mu7.00_indep_bM	mu7.50_indep_bM	mu8.00_indep_bM	c4.00_indep_bM	c4.50_indep_bM	c5.00_indep_bM	c5.50_indep_bM	c6.00_indep_bM	c6.50_indep_bM	c7.00_indep_bM	c7.50_indep_bM	c8.00_indep_bM	T4.00_indep_bA	T4.50_indep_bA	T5.00_indep_bA	T5.50_indep_bA	T6.00_indep_bA	T6.50_indep_bA	T7.00_indep_bA	T7.50_indep_bA	T8.00_indep_bA	Mmean_indep_bA	dE12_indep_bA	bA	a_bA	eta_bA	deltaM_bA	mu4.00_indep_bA	mu4.50_indep_bA	mu5.00_indep_bA	mu5.50_indep_bA	mu6.00_indep_bA	mu6.50_indep_bA	mu7.00_indep_bA	mu7.50_indep_bA	mu8.00_indep_bA	c4.00_indep_bA	c4.50_indep_bA	c5.00_indep_bA	c5.50_indep_bA	c6.00_indep_bA	c6.50_indep_bA	c7.00_indep_bA	c7.50_indep_bA	c8.00_indep_bA	continuousClass	class4.00	class4.50	class5.00	class5.50	class6.00	class6.50	class7.00	class7.50	class8.00
continuous	time	continuous	continuous	continuous	continuous	continuous	continuous	continuous	continuous	continuous	continuous	continuous	continuous	continuous	continuous	continuous	continuous	continuous	continuous	continuous	continuous	continuous	continuous	continuous	continuous	continuous	continuous	continuous	continuous	continuous	continuous	continuous	continuous	continuous	continuous	continuous	continuous	continuous	continuous	continuous	continuous	continuous	continuous	continuous	continuous	continuous	continuous	continuous	continuous	continuous	continuous	continuous	continuous	continuous	continuous	continuous	continuous	continuous	continuous	continuous	continuous	continuous	continuous	continuous	continuous	continuous	continuous	continuous	continuous	continuous	continuous	continuous	continuous	continuous	continuous	continuous	continuous	continuous	continuous	continuous	continuous	continuous	continuous	continuous	continuous	continuous	continuous	continuous	continuous	continuous	continuous
																																																																																											
53	1999-10-02 04:54:38	0	0	0	0	0	4.00000	0	0.324499	-0.134933	-0.180819	-0.368268	0.616051	4.00000	0.00299161	617.726	745.27800	0.000	-2177.75000	-2177.75000	-2177.75	-2177.75	-2177.75	-2177.75	4.17500	2.94345e+06	0.33433	0.00000	0	0.00000	0	0	0	0.000	0	0	0	0	0	0	0	0	0	0	0	0	0	0	617.726	745.27800	0.000	-2177.75000	-2177.75000	-2177.75	-2177.75	-2177.75	-2177.75	4.17500	2.94345e+06	0.841365	3.85775	0.00996278	-0.0851108	0	0	0	0.000	0	0	0	0	0	0	0	0	0	0	0	0	0	0	4.90000	1	1	0	0	0	0	0	0	0
54	1999-10-05 12:18:17	-0.00207817	0	0	0	0	4.40000	0	0.00432011	0.295024	-1.0981	0.850327	0.0109007	4.40000	0.00552427	2380.78	745.27800	0.000	-1936.04000	-1936.04000	-1936.04	-1936.04	-1936.04	-1936.04	4.32500	4.65385e+06	0.334845	0.00000	0	0.00000	0	0	0	0.000	0	0	0	0	0	0	0	0	0	0	0	0	0	0	2380.78	745.27800	0.000	-1936.04000	-1936.04000	-1936.04	-1936.04	-1936.04	-1936.04	4.32500	4.65385e+06	0.752575	3.64396	0.0363315	-0.341993	0	0	0	0.000	0	0	0	0	0	0	0	0	0	0	0	0	0	0	4.90000	1	1	0	0	0	0	0	0	0
55	1999-10-06 04:09:02	-0.00171233	0	0	0	0	4.80000	0	-0.171036	0.284124	-1.06467	0.827797	-0.0625299	4.80000	0.01855	1936.04	3144.11000	0.000	-1802.34000	-1802.34000	-1802.34	-1802.34	-1802.34	-1802.34	4.40000	6.03924e+06	0.333133	0.00000	0	0.00000	0	0	0	0.000	0	0	0	0	0	0	0	0	0	0	0	0	0	0	1936.04	3144.11000	0.000	-1802.34000	-1802.34000	-1802.34	-1802.34	-1802.34	-1802.34	4.40000	6.03924e+06	0.577219	2.92884	0.013616	-0.274053	0	0	0	0.000	0	0	0	0	0	0	0	0	0	0	0	0	0	0	4.10000	1	0	0	0	0	0	0	0	0
56	1999-10-07 16:34:12	0.000689869	0	0	0	0	4.90000	0	-0.0857182	0.261033	-0.609254	0.359312	-0.307306	4.90000	0.0110816	1802.34	2755.04000	0.000	-11.45020	-11.45020	-11.4502	-11.4502	-11.4502	-11.4502	4.52500	8.94649e+08	0.335535	0.00000	0	0.00000	0	0	0	0.000	0	0	0	0	0	0	0	0	0	0	0	0	0	0	1802.34	2755.04000	0.000	-11.45020	-11.45020	-11.4502	-11.4502	-11.4502	-11.4502	4.52500	8.94649e+08	0.651799	3.29444	0.0127425	-0.154385	0	0	0	0.000	0	0	0	0	0	0	0	0	0	0	0	0	0	0	3.90000	0	0	0	0	0	0	0	0	0
63	2000-07-13 02:08:35	-0.00342726	0.00695658	-0.00171233	0	0	0.00000	0	2.14027	0.292809	-0.171036	0.284124	-1.06467	0.00000	9.31323e-10	227.485	2483.30000	0.000	-251.62700	-251.62700	-251.627	-251.627	-251.627	-251.627	4.37500	3.06823e+07	0.336662	0.00000	0	0.00000	0	0	0	0.000	0	0	0	0	0	0	0	0	0	0	0	0	0	0	227.485	2483.30000	0.000	-251.62700	-251.62700	-251.627	-251.627	-251.627	-251.627	4.37500	3.06823e+07	3.0103	13.54630	6.99825e-26	1.14575e-13	0	0	0	0.000	0	0	0	0	0	0	0	0	0	0	0	0	0	0	5.40000	1	1	1	0	0	0	0	0	0
69	2000-11-29 11:00:33	-0.000501537	-0.00510057	-0.00366516	0.00469784	0	0.00000	0	1.54373	-1.464	1.52759	-0.362088	0.324499	0.00000	5.49789e-07	97.101	97.10100	3752.990	-133.26000	-133.26000	-133.26	-133.26	-133.26	-133.26	4.65000	1.01736e+08	0.32976	0.00000	0	0.00000	0	0	0	0.000	0	0	0	0	0	0	0	0	0	0	0	0	0	0	97.101	97.10100	3752.990	-133.26000	-133.26000	-133.26	-133.26	-133.26	-133.26	4.65000	1.01736e+08	2.0866	10.15420	0.00284406	-0.166402	0	0	0	0.000	0	0	0	0	0	0	0	0	0	0	0	0	0	0	4.20000	1	0	0	0	0	0	0	0	0
71	2000-12-20 01:22:23	0	-0.00488662	-0.00342726	0.00695658	-0.00171233	0.00000	0.101082	-0.0214745	-2.29408	2.14027	0.292809	-0.171036	0.00000	0.00823673	59.9017	79.00760	3752.990	-80.38830	-80.38830	-80.3883	-80.3883	-80.3883	-80.3883	4.60000	1.33401e+08	0.331776	2.74712	0.0625281	-2.88006	0	0	0	0.000	0	0	0	0	0	0	0	0	0	0	0	0	0	0	59.9017	79.00760	3752.990	-80.38830	-80.38830	-80.3883	-80.3883	-80.3883	-80.3883	4.60000	1.33401e+08	0.694748	3.54090	0.0123979	-0.196659	0	0	0	0.000	0	0	0	0	0	0	0	0	0	0	0	0	0	0	4.10000	1	0	0	0	0	0	0	0	0
76	2001-02-25 05:01:21	-0.0135885	0.00768672	-0.0015092	-0.00670273	0.00243709	0.00000	0.106764	-0.00915979	-2.32079	2.46781	-0.273332	0.164025	0.00000	0.00909807	44.8852	90.67730	3752.990	-64.73500	-64.73500	-64.735	-64.735	-64.735	-64.735	4.42500	1.62909e+08	0.323859	2.73499	0.0651885	-3.04502	0	0	0	0.000	0	0	0	0	0	0	0	0	0	0	0	0	0	0	44.8852	90.67730	3752.990	-64.73500	-64.73500	-64.735	-64.735	-64.735	-64.735	4.42500	1.62909e+08	0.68035	3.38684	0.00159468	-0.0780791	0	0	0	0.000	0	0	0	0	0	0	0	0	0	0	0	0	0	0	5.30000	1	1	1	0	0	0	0	0	0
87	2003-06-12 13:41:13	-0.0164396	-0.00635832	-0.0056607	-0.00888024	0	0.00000	0.130825	-0.372071	0.167975	-0.231471	0.0296554	-0.0214745	0.00000	0.135984	313.508	548.55500	779.242	0.00000	0.00000	-415.935	-415.935	-415.935	-415.935	5.12500	1.09641e+08	0.294437	2.63242	0.064443	-2.84052	0	0	0	0.000	0	0	0	0	0	0	0	0	0	0	0	0	0	0	313.508	548.55500	779.242	0.00000	0.00000	-415.935	-415.935	-415.935	-415.935	5.12500	1.09641e+08	0.288837	1.82534	0.00296362	-0.219626	0	0	0	0.000	0	0	0	0	0	0	0	0	0	0	0	0	0	0	5.50000	1	1	1	1	0	0	0	0	0
88	2003-06-16 18:33:40	-0.0122129	-0.0142088	-0.00615971	-0.0135885	0.00768672	4.40000	0.133711	-0.0670829	-0.209812	-0.192087	-0.00915979	-2.32079	4.40000	0.232217	379.872	548.55500	779.242	0.00000	0.00000	-384.075	-384.075	-384.075	-384.075	5.07500	1.40486e+08	0.291277	2.62266	0.0666084	-2.90400	0	0	0	0.000	0	0	0	0	0	0	0	0	0	0	0	0	0	0	379.872	548.55500	779.242	0.00000	0.00000	-384.075	-384.075	-384.075	-384.075	5.07500	1.40486e+08	0.211368	1.41775	0.00912771	-0.607471	0	0	0	0.000	0	0	0	0	0	0	0	0	0	0	0	0	0	0	4.80000	1	1	0	0	0	0	0	0	0
91	2004-03-03 13:50:25	-0.007963	-0.0164396	-0.00635832	-0.0056607	-0.00888024	0.00000	0.138222	0.103837	-0.372071	0.167975	-0.231471	0.0296554	0.00000	0.0663707	60.1173	344.44000	837.080	0.00000	0.00000	-265.006	-265.006	-265.006	-265.006	4.87500	7.28145e+07	0.286474	2.61403	0.0617227	-3.02484	0	0	0	0.000	0	0	0	0	0	0	0	0	0	0	0	0	0	0	60.1173	344.44000	837.080	0.00000	0.00000	-265.006	-265.006	-265.006	-265.006	4.87500	7.28145e+07	0.392674	2.30336	0.0094012	-0.365835	0	0	0	0.000	0	0	0	0	0	0	0	0	0	0	0	0	0	0	4.00000	1	0	0	0	0	0	0	0	0
100	2005-05-02 19:08:54	-0.00232463	-0.00451165	-0.00328363	-0.0122129	-0.0142088	0.00000	0.143393	-0.55922	1.00392	0.164919	-0.0670829	-0.209812	0.00000	0.00344372	34.34	321.16000	837.080	0.00000	0.00000	-86.3389	-86.3389	-86.3389	-86.3389	4.50833	1.05766e+08	0.281157	2.60157	0.0648012	-3.15309	0	0	0	0.000	0	0	0	0	0	0	0	0	0	0	0	0	0	0	34.34	321.16000	837.080	0.00000	0.00000	-86.3389	-86.3389	-86.3389	-86.3389	4.50833	1.05766e+08	0.820991	4.09038	0.0307546	-0.282243	0	0	0	0.000	0	0	0	0	0	0	0	0	0	0	0	0	0	0	4.50000	1	1	0	0	0	0	0	0	0
101	2005-05-04 00:40:49	-0.00343029	-0.00262823	-0.00133243	-0.00907358	-0.0213729	4.20000	0.143754	-0.45954	0.849248	-0.098845	0.14157	-0.836108	4.20000	0.00503519	79.8421	321.16000	837.080	0.00000	0.00000	-81.0726	-81.0726	-81.0726	-81.0726	4.38333	1.03052e+08	0.280794	2.59759	0.0641772	-3.15087	0	0	0	0.000	0	0	0	0	0	0	0	0	0	0	0	0	0	0	79.8421	321.16000	837.080	0.00000	0.00000	-81.0726	-81.0726	-81.0726	-81.0726	4.38333	1.03052e+08	0.765995	3.80915	0.000135547	-0.406155	0	0	0	0.000	0	0	0	0	0	0	0	0	0	0	0	0	0	0	4.00000	1	0	0	0	0	0	0	0	0
103	2005-05-09 20:04:43	0.00108788	-0.0023066	-0.00409781	-0.007963	-0.0164396	4.50000	0.143393	0.287868	0.188884	0.356108	0.103837	-0.372071	4.50000	0.000210569	59.2253	321.16000	837.080	0.00000	0.00000	-59.0376	-59.0376	-59.0376	-59.0376	4.31667	1.22752e+08	0.281157	2.59964	0.0641316	-3.14620	0	0	0	0.000	0	0	0	0	0	0	0	0	0	0	0	0	0	0	59.2253	321.16000	837.080	0.00000	0.00000	-59.0376	-59.0376	-59.0376	-59.0376	4.31667	1.22752e+08	1.22554	5.63528	0.0171445	-0.0315528	0	0	0	0.000	0	0	0	0	0	0	0	0	0	0	0	0	0	0	4.40000	1	0	0	0	0	0	0	0	0
104	2005-05-13 00:04:19	0.00146373	-0.00232463	-0.00451165	-0.00328363	-0.0122129	4.30000	0.14195	0.254116	-0.55922	1.00392	0.164919	-0.0670829	4.30000	0.000595222	59.0376	321.16000	837.080	0.00000	0.00000	-10.2052	-10.2052	-10.2052	-10.2052	4.25000	6.58335e+08	0.282621	2.60565	0.063635	-3.11960	0	0	0	0.000	0	0	0	0	0	0	0	0	0	0	0	0	0	0	59.0376	321.16000	837.080	0.00000	0.00000	-10.2052	-10.2052	-10.2052	-10.2052	4.25000	6.58335e+08	1.07511	4.91426	0.00406141	-0.0709474	0	0	0	0.000	0	0	0	0	0	0	0	0	0	0	0	0	0	0	4.30000	1	0	0	0	0	0	0	0	0
105	2005-05-13 02:03:49	0.00517706	-0.00343029	-0.00262823	-0.00133243	-0.00907358	4.40000	0.138703	0.591592	-0.45954	0.849248	-0.098845	0.14157	4.40000	8.45748e-05	10.2052	321.16000	837.080	0.00000	0.00000	-9.05764	-9.05764	-9.05764	-9.05764	4.30000	7.05561e+08	0.285971	2.61813	0.0635774	-3.05522	0	0	0	0.000	0	0	0	0	0	0	0	0	0	0	0	0	0	0	10.2052	321.16000	837.080	0.00000	0.00000	-9.05764	-9.05764	-9.05764	-9.05764	4.30000	7.05561e+08	1.35759	6.18267	0.0179486	-0.0541664	0	0	0	0.000	0	0	0	0	0	0	0	0	0	0	0	0	0	0	4.30000	1	0	0	0	0	0	0	0	0
107	2005-06-13 15:52:59	0.00331496	0.00108788	-0.0023066	-0.00409781	-0.007963	0.00000	0.140147	0.154676	0.287868	0.188884	0.356108	0.103837	0.00000	7.2338e-05	10.6656	321.16000	837.080	0.00000	0.00000	-34.8252	-34.8252	-34.8252	-34.8252	4.25000	1.72011e+08	0.284472	2.60735	0.0649297	-3.06558	0	0	0	0.000	0	0	0	0	0	0	0	0	0	0	0	0	0	0	10.6656	321.16000	837.080	0.00000	0.00000	-34.8252	-34.8252	-34.8252	-34.8252	4.25000	1.72011e+08	1.38021	6.25497	0.0333051	-0.131896	0	0	0	0.000	0	0	0	0	0	0	0	0	0	0	0	0	0	0	4.00000	1	0	0	0	0	0	0	0	0
113	2006-01-22 07:07:39	0.00113431	0	0.00517706	-0.00343029	-0.00262823	0.00000	0.137621	-0.55441	-0.187916	0.591592	-0.45954	0.849248	0.00000	0.0142632	176.279	321.16000	837.080	0.00000	0.00000	-145.303	-145.303	-145.303	-145.303	4.27500	5.72863e+07	0.287105	2.61426	0.0630995	-3.00558	0	44.0822	0	0.000	0	0	0	0	0	0	0	0	0	0	0	0	0	0	176.279	321.16000	837.080	0.00000	0.00000	-145.303	-145.303	-145.303	-145.303	4.27500	5.72863e+07	0.615261	3.05055	0.00605185	-0.458142	0	44.0822	0	0.000	0	0	0	0	0	0	0	0	0	0	0	0	0	0	4.70000	1	1	0	0	0	0	0	0	0
117	2006-04-02 10:23:32	0.0118584	0.00113431	0	0.00517706	-0.00343029	4.30000	0.126797	-0.0963956	-0.55441	-0.187916	0.591592	-0.45954	4.30000	0.027759	111.432	323.37800	837.080	0.00000	0.00000	-70.136	-70.136	-70.136	-70.136	4.37500	1.08581e+08	0.298964	2.66134	0.0604893	-2.80190	0	0	0	0.000	0	0	0	0	0	0	0	0	0	0	0	0	0	0	111.432	323.37800	837.080	0.00000	0.00000	-70.136	-70.136	-70.136	-70.136	4.37500	1.08581e+08	0.518865	2.69035	0.00626212	-0.485057	0	0	0	0.000	0	0	0	0	0	0	0	0	0	0	0	0	0	0	3.90000	0	0	0	0	0	0	0	0	0
122	2007-01-10 16:53:27	0.00686725	0.0120857	0.00456757	0	0.00442582	0.00000	0.118517	-0.481425	0.53792	-0.207194	-0.594788	0.232122	0.00000	0.0645203	243.451	323.37800	837.080	0.00000	0.00000	-283.133	-283.133	-283.133	-283.133	4.07500	1.38296e+07	0.30874	2.68772	0.0566361	-2.60543	0	0	0	0.000	0	0	0	0	0	0	0	0	0	0	0	0	0	0	243.451	323.37800	837.080	0.00000	0.00000	-283.133	-283.133	-283.133	-283.133	4.07500	1.38296e+07	0.396768	2.00590	0.0516824	-0.855613	0	0	0	0.000	0	0	0	0	0	0	0	0	0	0	0	0	0	0	4.70000	1	1	0	0	0	0	0	0	0
127	2007-03-08 15:37:35	0.0138361	0.00478123	0.0119249	0.00731965	0.00112242	0.00000	0.107061	0.140356	-0.353188	0.426623	-0.275893	-0.769841	0.00000	0.0226567	126.805	672.92600	837.080	0.00000	0.00000	-53.9262	-53.9262	-53.9262	-53.9262	4.02500	1.15882e+08	0.323457	2.73449	0.0478644	-2.35397	0	0	0	0.000	0	0	0	0	0	0	0	0	0	0	0	0	0	0	126.805	672.92600	837.080	0.00000	0.00000	-53.9262	-53.9262	-53.9262	-53.9262	4.02500	1.15882e+08	0.548268	2.58306	0.00824423	-0.0113208	0	0	0	0.000	0	0	0	0	0	0	0	0	0	0	0	0	0	0	4.40000	1	0	0	0	0	0	0	0	0
130	2007-07-16 23:42:52	0.00668621	0.0099691	0.00686725	0.0120857	0.00456757	0.00000	0.105636	0.208379	0.0557609	-0.481425	0.53792	-0.207194	0.00000	0.0104058	57.8417	672.92600	837.080	0.00000	0.00000	-139.157	-139.157	-139.157	-139.157	4.22500	4.59853e+07	0.325395	2.73841	0.0481406	-2.31564	0	0	0	0.000	0	0	0	0	0	0	0	0	0	0	0	0	0	0	57.8417	672.92600	837.080	0.00000	0.00000	-139.157	-139.157	-139.157	-139.157	4.22500	4.59853e+07	0.660908	3.21265	0.0070569	-0.460959	0	0	0	0.000	0	0	0	0	0	0	0	0	0	0	0	0	0	0	4.30000	1	0	0	0	0	0	0	0	0
144	2008-08-12 03:28:11	0.0114188	0.02381	0.0180108	0.0024199	0.00842138	0.00000	0.0731298	-0.00152575	-0.0627346	-0.12449	0.271036	-0.112959	0.00000	0.0728321	239.195	633.31400	837.080	0.00000	0.00000	-63.1208	-63.1208	-63.1208	-63.1208	3.96250	7.56901e+07	0.378635	2.90937	0.0577959	-2.68383	0	0	0	0.000	0	0	0	0	0	0	0	0	0	0	0	0	0	0	239.195	633.31400	837.080	0.00000	0.00000	-63.1208	-63.1208	-63.1208	-63.1208	3.96250	7.56901e+07	0.379226	1.84773	0.0261018	-0.422388	0	0	0	0.000	0	0	0	0	0	0	0	0	0	0	0	0	0	0	3.86667	0	0	0	0	0	0	0	0	0
145	2008-08-12 08:37:10	0.0162668	0.0210039	0.0221358	-0.000966504	0.00711108	3.86667	0.0710249	-0.0161151	-0.101452	-0.214506	0.252664	0.0493416	3.86667	0.0703964	239.195	633.31400	837.080	0.00000	0.00000	-54.7361	-54.7361	-54.7361	-54.7361	3.85417	7.44491e+07	0.382863	2.92203	0.0559883	-2.63205	0	0	0	0.000	0	0	0	0	0	0	0	0	0	0	0	0	0	0	239.195	633.31400	837.080	0.00000	0.00000	-54.7361	-54.7361	-54.7361	-54.7361	3.85417	7.44491e+07	0.38415	1.82563	0.0132757	-0.302391	0	0	0	0.000	0	0	0	0	0	0	0	0	0	0	0	0	0	0	3.86667	0	0	0	0	0	0	0	0	0
150	2008-10-25 04:47:56	0.0161754	0.0156808	0.0188472	0.0211667	0.00748227	0.00000	0.0610599	-0.652119	0.673077	-0.498916	0.168431	0.0286021	0.00000	0.0724518	80.3357	633.31400	837.080	0.00000	0.00000	-73.392	-73.392	-73.392	-73.392	3.84167	4.52169e+07	0.404748	2.98470	0.054847	-2.37422	0	0	0	0.000	0	0	0	0	0	0	0	0	0	0	0	0	0	0	80.3357	633.31400	837.080	0.00000	0.00000	-73.392	-73.392	-73.392	-73.392	3.84167	4.52169e+07	0.379984	1.88008	0.0019562	-0.847794	0	0	0	0.000	0	0	0	0	0	0	0	0	0	0	0	0	0	0	4.30000	1	0	0	0	0	0	0	0	0
156	2009-07-13 18:05:01	-0.0202475	0.0139629	0.0139179	0.0114188	0.02381	0.00000	0.0693737	-0.320115	-0.698064	0.910903	-0.00152575	-0.0627346	0.00000	0.15281	171.66	1180.35000	837.080	0.00000	0.00000	-244.015	-244.015	-244.015	-244.015	4.36667	2.00809e+08	0.386268	2.90636	0.0603881	-2.52421	0	0	0	0.000	0	0	0	0	0	0	0	0	0	0	0	0	0	0	171.66	1180.35000	837.080	0.00000	0.00000	-244.015	-244.015	-244.015	-244.015	4.36667	2.00809e+08	0.271949	1.53257	0.0292663	-0.835479	0	0	0	0.000	0	0	0	0	0	0	0	0	0	0	0	0	0	0	5.00000	1	1	1	0	0	0	0	0	0
157	2009-07-13 20:28:54	-0.026334	0.00476337	0.0188893	0.0162668	0.0210039	6.30000	0.0723526	-0.275337	0.214539	-0.0130256	-0.0161151	-0.101452	6.30000	0.117225	221.445	912.02900	2603.060	2603.06000	2603.06000	-221.545	-221.545	-221.545	-221.545	4.95000	2.37952e+08	0.380182	2.89059	0.0447816	-1.30319	0	0	0	0.000	0	0	0	0	0	0	0	0	0	0	0	0	0	0	221.445	912.02900	2603.060	2603.06000	2603.06000	-221.545	-221.545	-221.545	-221.545	4.95000	2.37952e+08	0.310326	1.88117	0.00607033	0.238097	0	0	0	0.000	0	0	0	0	0	0	0	0	0	0	0	0	0	0	4.60000	1	1	0	0	0	0	0	0	0
165	2009-12-31 05:38:39	-0.0152553	-0.00846054	-0.026334	0.00476337	0.0188893	0.00000	0.0852318	-0.403723	0.350431	-0.275337	0.214539	-0.0130256	0.00000	0.169394	76.8098	158.69000	2377.770	2761.85000	2761.85000	-88.5018	-88.5018	-88.5018	-88.5018	5.15000	6.9083e+08	0.356466	2.81654	0.0346951	-1.50129	0	21.615	0	0.000	0	0	0	0	0	0	0	0	0	0	0	0	0	0	76.8098	158.69000	2377.770	2761.85000	2761.85000	-88.5018	-88.5018	-88.5018	-88.5018	5.15000	6.9083e+08	0.257034	1.70001	0.00460344	-0.213958	0	21.615	0	0.000	0	0	0	0	0	0	0	0	0	0	0	0	0	0	4.50000	1	1	0	0	0	0	0	0	0
166	2010-01-01 17:34:45	-0.0120203	-0.00890987	-0.0302862	0.00176801	0.0161754	4.10000	0.0859214	-0.416655	0.346795	-0.695453	0.642364	-0.652119	4.10000	0.169394	39.5075	158.69000	2377.770	2761.85000	2761.85000	-41.0048	-41.0048	-41.0048	-41.0048	4.87500	1.3831e+09	0.3553	2.81465	0.0358318	-1.52190	0	21.615	0	0.000	0	0	0	0	0	0	0	0	0	0	0	0	0	0	39.5075	158.69000	2377.770	2761.85000	2761.85000	-41.0048	-41.0048	-41.0048	-41.0048	4.87500	1.3831e+09	0.257034	1.64212	0.000112524	0.0112889	0	21.615	0	0.000	0	0	0	0	0	0	0	0	0	0	0	0	0	0	4.50000	1	1	0	0	0	0	0	0	0
169	2010-03-24 10:13:18	-0.0140525	-0.0152553	-0.00846054	-0.026334	0.00476337	0.00000	0.0939203	1.21311	-0.403723	0.350431	-0.275337	0.214539	0.00000	3.88652e-05	19.0214	187.81400	2377.770	2761.85000	2761.85000	-83.1907	-83.1907	-83.1907	-83.1907	4.50000	1.28722e+08	0.342414	2.77421	0.0383108	-1.70194	0	3.07838	0	0.000	0	0	0	0	0	0	0	0	0	0	0	0	0	0	19.0214	187.81400	2377.770	2761.85000	2761.85000	-83.1907	-83.1907	-83.1907	-83.1907	4.50000	1.28722e+08	1.47015	7.00473	0.0652597	0.135349	0	3.07838	0	0.000	0	0	0	0	0	0	0	0	0	0	0	0	0	0	4.80000	1	1	0	0	0	0	0	0	0
187	2011-09-21 22:18:32	-0.00744235	-0.0045502	-0.00595766	-0.015572	-0.0119956	0.00000	0.121934	0.460474	-0.884972	0.914541	-0.368271	0.491221	0.00000	0.00245424	43.082	161.12500	2377.770	2761.85000	2761.85000	-71.4593	-71.4593	-71.4593	-71.4593	4.47500	1.64994e+08	0.304626	2.66765	0.0493284	-2.35715	0	0	0	0.000	0	0	0	0	0	0	0	0	0	0	0	0	0	0	43.082	161.12500	2377.770	2761.85000	2761.85000	-71.4593	-71.4593	-71.4593	-71.4593	4.47500	1.64994e+08	0.870028	4.23843	0.00605968	0.1284	0	0	0	0.000	0	0	0	0	0	0	0	0	0	0	0	0	0	0	4.60000	1	1	0	0	0	0	0	0	0
188	2011-09-21 22:42:34	-0.00610268	-0.00269093	-0.00867811	-0.00833221	-0.0141575	4.80000	0.121934	-0.160058	-0.156417	0.366493	0.174692	-0.250858	4.80000	0.00661788	66.148	226.68300	2377.770	2761.85000	2761.85000	-66.1647	-66.1647	-66.1647	-66.1647	4.42500	1.22691e+08	0.304626	2.67415	0.0494082	-2.37848	0	0	0	0.000	0	0	0	0	0	0	0	0	0	0	0	0	0	0	66.148	226.68300	2377.770	2761.85000	2761.85000	-66.1647	-66.1647	-66.1647	-66.1647	4.42500	1.22691e+08	0.726427	3.55949	0.00250891	-0.1	0	0	0	0.000	0	0	0	0	0	0	0	0	0	0	0	0	0	0	4.60000	1	1	0	0	0	0	0	0	0
189	2011-09-22 00:55:57	-0.00945683	-0.0022328	-0.00799552	-0.0109256	-0.0109754	4.80000	0.125175	-0.160727	-0.137328	0.320586	0.157512	-0.960679	4.80000	0.00854024	66.148	226.68300	2377.770	2761.85000	2761.85000	-41.117	-41.117	-41.117	-41.117	4.30000	1.7094e+08	0.300827	2.65734	0.0501478	-2.43343	0	0	0	0.000	0	0	0	0	0	0	0	0	0	0	0	0	0	0	66.148	226.68300	2377.770	2761.85000	2761.85000	-41.117	-41.117	-41.117	-41.117	4.30000	1.7094e+08	0.68951	3.30995	0.00149586	-0.000431883	0	0	0	0.000	0	0	0	0	0	0	0	0	0	0	0	0	0	0	4.60000	1	1	0	0	0	0	0	0	0
192	2011-11-19 07:43:02	-0.0111172	-0.00610268	-0.00269093	-0.00867811	-0.00833221	0.00000	0.131666	0.277006	-0.160058	-0.156417	0.366493	0.174692	0.00000	0.000976562	36.2948	122.97700	2377.770	2761.85000	2761.85000	-58.3753	-58.3753	-58.3753	-58.3753	4.22500	1.11253e+08	0.293508	2.63294	0.0534317	-2.57058	0.0926273	0	0	0.000	0	0	0	0	0	0	0	0	0	0	0	0	0	0	36.2948	122.97700	2377.770	2761.85000	2761.85000	-58.3753	-58.3753	-58.3753	-58.3753	4.22500	1.11253e+08	1.00343	4.61579	1.30951e-28	1.5099e-14	0.0926273	0	0	0.000	0	0	0	0	0	0	0	0	0	0	0	0	0	0	4.20000	1	0	0	0	0	0	0	0	0
200	2012-08-14 10:55:43	-0.0123512	-0.00640311	-0.0111172	-0.00610268	-0.00269093	0.00000	0.149878	0.495649	-0.299565	0.277006	-0.160058	-0.156417	0.00000	0.000252029	117.028	136.37900	2377.770	2761.85000	2761.85000	-187.069	-187.069	-187.069	-187.069	4.67500	6.98495e+07	0.274754	2.58968	0.0649107	-3.02545	0	0	0	0.000	0	0	0	0	0	0	0	0	0	0	0	0	0	0	117.028	136.37900	2377.770	2761.85000	2761.85000	-187.069	-187.069	-187.069	-187.069	4.67500	6.98495e+07	1.19952	5.99682	5.78852e-06	0.000639628	0	0	0	0.000	0	0	0	0	0	0	0	0	0	0	0	0	0	0	4.60000	1	1	0	0	0	0	0	0	0
202	2012-12-02 17:45:37	-0.0120581	-0.010529	-0.00679951	-0.0085008	-0.00398479	0.00000	0.154672	0.305633	-0.0498708	0.570594	0.00450717	-0.14342	0.00000	3.05176e-05	119.655	119.65500	2377.770	2761.85000	2761.85000	-227.658	-227.658	-227.658	-227.658	4.70000	6.87428e+07	0.270196	2.57720	0.0679161	-3.13829	0	0	0	0.000	0	0	0	0	0	0	0	0	0	0	0	0	0	0	119.655	119.65500	2377.770	2761.85000	2761.85000	-227.658	-227.658	-227.658	-227.658	4.70000	6.87428e+07	1.50515	7.52575	2.34476e-27	-4.88498e-14	0	0	0	0.000	0	0	0	0	0	0	0	0	0	0	0	0	0	0	4.90000	1	1	0	0	0	0	0	0	0
208	2013-10-31 12:02:08	0.00166649	-0.00656061	-0.0123512	-0.00640311	-0.0111172	0.00000	0.155032	-0.640482	-0.308838	0.495649	-0.299565	0.277006	0.00000	0.177587	271.002	316.25700	1446.240	4049.30000	2761.85000	-302	-302	-302	-302	4.57500	2.00679e+08	0.26986	2.57012	0.0725875	-3.12390	0	0	0	0.000	0	0	0	0	0	0	0	0	0	0	0	0	0	0	271.002	316.25700	1446.240	4049.30000	2761.85000	-302	-302	-302	-302	4.57500	2.00679e+08	0.250196	1.52094	0.0153429	-0.378968	0	0	0	0.000	0	0	0	0	0	0	0	0	0	0	0	0	0	0	4.70000	1	1	0	0	0	0	0	0	0
209	2013-10-31 15:47:28	-0.00134148	-0.00318273	-0.0118798	-0.0089087	-0.0063239	6.30000	0.15575	-0.30998	-0.938214	0.501717	-0.530135	0.844058	6.30000	0.169485	267.003	332.76100	1488.770	1570.75000	4173.80000	-267.159	-267.159	-267.159	-267.159	5.05000	2.30877e+08	0.269191	2.57118	0.0661412	-3.15153	0	0	0	0.000	0	0	0	0	0	0	0	0	0	0	0	0	0	0	267.003	332.76100	1488.770	1570.75000	4173.80000	-267.159	-267.159	-267.159	-267.159	5.05000	2.30877e+08	0.256956	1.67392	0.00404273	-0.214404	0	0	0	0.000	0	0	0	0	0	0	0	0	0	0	0	0	0	0	4.40000	1	0	0	0	0	0	0	0	0
210	2013-10-31 16:05:18	-0.00203748	0.0023741	-0.0120581	-0.010529	-0.00679951	6.30000	0.154313	-0.137452	-1.13194	0.305633	-0.0498708	0.570594	6.30000	0.196216	124.664	332.83600	1488.770	1570.75000	4173.80000	-124.676	-124.676	-124.676	-124.676	5.20000	4.92518e+08	0.270532	2.57524	0.0656245	-3.11916	0	0	0	0.000	0	0	0	0	0	0	0	0	0	0	0	0	0	0	124.664	332.83600	1488.770	1570.75000	4173.80000	-124.676	-124.676	-124.676	-124.676	5.20000	4.92518e+08	0.235755	1.57098	0.00433652	-0.363606	0	0	0	0.000	0	0	0	0	0	0	0	0	0	0	0	0	0	0	4.40000	1	0	0	0	0	0	0	0	0
211	2013-10-31 19:27:13	-0.00242843	0.0074908	-0.0093702	-0.0123526	-0.00884175	6.30000	0.151437	-0.11041	-1.00014	0.15807	-0.334052	0.530135	6.30000	0.181506	124.664	332.83600	1488.770	1570.75000	4173.80000	-31.3069	-31.3069	-31.3069	-31.3069	4.75000	1.53409e+09	0.273256	2.58459	0.0636983	-3.05849	0	0	0	0.000	0	0	0	0	0	0	0	0	0	0	0	0	0	0	124.664	332.83600	1488.770	1570.75000	4173.80000	-31.3069	-31.3069	-31.3069	-31.3069	4.75000	1.53409e+09	0.247037	1.51848	0.00254501	0.153232	0	0	0	0.000	0	0	0	0	0	0	0	0	0	0	0	0	0	0	4.40000	1	0	0	0	0	0	0	0	0
214	2014-04-24 22:23:20	0.00638238	-0.00203748	0.0023741	-0.0120581	-0.010529	0.00000	0.147658	0.11767	-0.137452	-1.13194	0.305633	-0.0498708	0.00000	0.0870409	138.856	263.51900	1550.970	1550.97000	4173.80000	-175.263	-175.263	-175.263	-175.263	4.62500	1.29235e+08	0.276915	2.60087	0.0582889	-2.99233	0	0	0	0.000	0	0	0	0	0	0	0	0	0	0	0	0	0	0	138.856	263.51900	1550.970	1550.97000	4173.80000	-175.263	-175.263	-175.263	-175.263	4.62500	1.29235e+08	0.353426	2.02367	0.000900751	0.0741301	0	0	0	0.000	0	0	0	0	0	0	0	0	0	0	0	0	0	0	4.15000	1	0	0	0	0	0	0	0	0
216	2014-05-03 16:03:14	0.00420026	0.00374018	0.00166649	-0.00656061	-0.0123512	0.00000	0.146757	-0.36448	0.426212	-0.640482	-0.308838	0.495649	0.00000	0.115935	175.695	263.51900	1550.970	1550.97000	4173.80000	-183.674	-183.674	-183.674	-183.674	4.62500	1.22761e+08	0.2778	2.59498	0.0637404	-3.04116	0	0	0	0.000	0	0	0	0	0	0	0	0	0	0	0	0	0	0	175.695	263.51900	1550.970	1550.97000	4173.80000	-183.674	-183.674	-183.674	-183.674	4.62500	1.22761e+08	0.311929	1.81896	0.0110981	-0.0313253	0	0	0	0.000	0	0	0	0	0	0	0	0	0	0	0	0	0	0	4.80000	1	1	0	0	0	0	0	0	0
218	2014-05-21 00:21:12	-0.0026234	0.00638238	-0.00203748	0.0023741	-0.0120581	0.00000	0.150358	0.0273219	0.11767	-0.137452	-1.13194	0.305633	0.00000	0.0720705	9.5974	185.02900	1550.970	1550.97000	4173.80000	-26.0819	-26.0819	-26.0819	-26.0819	4.32500	7.25867e+08	0.274291	2.57821	0.0628837	-3.09954	0	0	0	0.000	0	0	0	0	0	0	0	0	0	0	0	0	0	0	9.5974	185.02900	1550.970	1550.97000	4173.80000	-26.0819	-26.0819	-26.0819	-26.0819	4.32500	7.25867e+08	0.380748	2.02302	0.0346461	-0.513286	0	0	0	0.000	0	0	0	0	0	0	0	0	0	0	0	0	0	0	4.20000	1	0	0	0	0	0	0	0	0
225	2014-09-10 05:12:30	0.00474714	0.002491	0.00754741	0	-0.00134148	0.00000	0.140628	2.66554	-0.476236	0.496608	0.0674266	-0.30998	0.00000	9.31323e-10	64.6652	201.35700	326.020	326.02000	4173.80000	-75.9376	-75.9376	-75.9376	-75.9376	4.15000	7.00041e+07	0.283976	2.60414	0.0585521	-2.87027	0	0	0	0.000	0	0	0	0	0	0	0	0	0	0	0	0	0	0	64.6652	201.35700	326.020	326.02000	4173.80000	-75.9376	-75.9376	-75.9376	-75.9376	4.15000	7.00041e+07	3.0103	12.83780	0.0202888	0.0353759	0	0	0	0.000	0	0	0	0	0	0	0	0	0	0	0	0	0	0	4.10000	1	0	0	0	0	0	0	0	0
227	2014-09-17 11:41:56	0.00385954	0.00718239	-0.00105402	0.00348244	-0.00242843	4.10000	0.137982	-1.4819	2.577	0.0934927	0.0927715	-0.11041	4.10000	2.59894e-05	54.7067	201.35700	326.020	326.02000	4173.80000	-60.1696	-60.1696	-60.1696	-60.1696	4.17500	9.43531e+07	0.286726	2.61554	0.0579063	-2.82209	0	0	0	0.000	0	0	0	0	0	0	0	0	0	0	0	0	0	0	54.7067	201.35700	326.020	326.02000	4173.80000	-60.1696	-60.1696	-60.1696	-60.1696	4.17500	9.43531e+07	1.5284	6.75736	0.0201302	-0.121197	0	0	0	0.000	0	0	0	0	0	0	0	0	0	0	0	0	0	0	4.30000	1	0	0	0	0	0	0	0	0
235	2015-04-27 15:14:55	-0.000386555	0.0031901	0.00385954	0.00718239	-0.00105402	0.00000	0.135335	-0.426846	-0.0582546	-1.4819	2.577	0.0934927	0.00000	0.000741478	108.757	350.94200	326.020	326.02000	4173.80000	-115.92	-115.92	-115.92	-115.92	4.52500	9.00977e+07	0.28953	2.62275	0.0615345	-2.75865	0	0	0	0.000	0	0	0	0	0	0	0	0	0	0	0	0	0	0	108.757	350.94200	326.020	326.02000	4173.80000	-115.92	-115.92	-115.92	-115.92	4.52500	9.00977e+07	1.0433	5.06599	0.00251542	0.0442681	0	0	0	0.000	0	0	0	0	0	0	0	0	0	0	0	0	0	0	4.00000	1	0	0	0	0	0	0	0	0
241	2015-09-22 03:16:55	-0.00689444	0	0.00501221	0.00287603	0.00474714	0.00000	0.139666	0.51428	-2.32506	1.967	-1.967	2.66554	0.00000	0.000252029	121.653	337.88600	326.020	326.02000	4173.80000	-133.148	-133.148	-133.148	-133.148	4.60000	9.13376e+07	0.28497	2.60985	0.0617846	-2.85832	0	0	0	0.000	0	0	0	0	0	0	0	0	0	0	0	0	0	0	121.653	337.88600	326.020	326.02000	4173.80000	-133.148	-133.148	-133.148	-133.148	4.60000	9.13376e+07	1.19952	5.86283	0.0102737	0.11234	0	0	0	0.000	0	0	0	0	0	0	0	0	0	0	0	0	0	0	4.00000	1	0	0	0	0	0	0	0	0
245	2015-12-02 05:21:57	0.000374468	-0.00689444	0	0.00501221	0.00287603	0.00000	0.139305	-0.308838	0.51428	-2.32506	1.967	-1.967	0.00000	0.00212796	55.7382	154.66400	326.020	326.02000	4173.80000	-71.0868	-71.0868	-71.0868	-71.0868	4.32500	1.16441e+08	0.285345	2.61164	0.0602264	-2.85259	0	0	0	0.000	0	0	0	0	0	0	0	0	0	0	0	0	0	0	55.7382	154.66400	326.020	326.02000	4173.80000	-71.0868	-71.0868	-71.0868	-71.0868	4.32500	1.16441e+08	0.890679	4.19724	0.00800551	-0.112404	0	0	0	0.000	0	0	0	0	0	0	0	0	0	0	0	0	0	0	4.40000	1	0	0	0	0	0	0	0	0
247	2015-12-24 19:18:32	0.00189719	1.66533e-16	-0.00343316	-0.000386555	0.0031901	0.00000	0.136779	0.36118	-0.129766	-0.425482	-0.426846	-0.0582546	0.00000	0.00283337	63.4273	91.66470	326.020	326.02000	4173.80000	-85.9867	-85.9867	-85.9867	-85.9867	4.42500	8.86604e+07	0.287994	2.62117	0.0597776	-2.80149	0	0	0	0.000	0	0	0	0	0	0	0	0	0	0	0	0	0	0	63.4273	91.66470	326.020	326.02000	4173.80000	-85.9867	-85.9867	-85.9867	-85.9867	4.42500	8.86604e+07	0.849232	4.10291	0.0185354	-0.231311	0	0	0	0.000	0	0	0	0	0	0	0	0	0	0	0	0	0	0	4.40000	1	0	0	0	0	0	0	0	0
249	2016-01-11 04:52:57	0.0049592	0.000374468	-0.00689444	0	0.00501221	0.00000	0.134613	-0.0327373	-0.308838	0.51428	-2.32506	1.967	0.00000	0.00266794	49.5097	91.66470	326.020	326.02000	4173.80000	-39.9799	-39.9799	-39.9799	-39.9799	4.35000	2.11145e+08	0.290304	2.62475	0.0608949	-2.74140	0	0	0	0.000	0	0	0	0	0	0	0	0	0	0	0	0	0	0	49.5097	91.66470	326.020	326.02000	4173.80000	-39.9799	-39.9799	-39.9799	-39.9799	4.35000	2.11145e+08	0.857941	4.12112	0.0241314	-0.203499	0	0	0	0.000	0	0	0	0	0	0	0	0	0	0	0	0	0	0	4.10000	1	0	0	0	0	0	0	0	0
250	2016-01-13 17:11:47	0.00616089	0	-0.00381971	-0.000387589	0.000774143	4.60000	0.132809	-0.497069	0.870722	-0.0546431	-0.366157	-0.528623	4.60000	0.00162877	39.9799	122.56200	326.020	326.02000	4173.80000	-42.4714	-42.4714	-42.4714	-42.4714	4.35000	1.68276e+08	0.292257	2.63354	0.0604359	-2.71102	0	0	0	0.000	0	0	0	0	0	0	0	0	0	0	0	0	0	0	39.9799	122.56200	326.020	326.02000	4173.80000	-42.4714	-42.4714	-42.4714	-42.4714	4.35000	1.68276e+08	0.92938	4.43188	0.0244546	-0.16864	0	0	0	0.000	0	0	0	0	0	0	0	0	0	0	0	0	0	0	4.10000	1	0	0	0	0	0	0	0	0
252	2016-04-25 04:52:30	0.00675125	0.0049592	-0.000751896	-0.00381971	-2.22045e-16	0.00000	0.12848	0.355165	-0.0327373	0.0124859	0.234948	-0.826901	0.00000	0.000229447	19.8349	122.56200	326.020	326.02000	4173.80000	-122.314	-122.314	-122.314	-122.314	4.30000	5.75998e+07	0.297055	2.64735	0.0592715	-2.61199	0	0	0	0.000	0	0	0	0	0	0	0	0	0	0	0	0	0	0	19.8349	122.56200	326.020	326.02000	4173.80000	-122.314	-122.314	-122.314	-122.314	4.30000	5.75998e+07	1.21311	5.59264	0.000947103	-0.0101852	0	0	0	0.000	0	0	0	0	0	0	0	0	0	0	0	0	0	0	4.30000	1	0	0	0	0	0	0	0	0
253	2016-04-26 01:45:48	0.00920964	0.0049592	0.000374468	-0.00689444	0	4.30000	0.126316	0.647209	-0.0327373	-0.308838	0.51428	-2.32506	4.30000	3.05176e-05	105	122.56200	326.020	326.02000	4173.80000	-105.87	-105.87	-105.87	-105.87	4.27500	6.41719e+07	0.299513	2.65544	0.0607867	-2.56585	0	0	0	0.000	0	0	0	0	0	0	0	0	0	0	0	0	0	0	105	122.56200	326.020	326.02000	4173.80000	-105.87	-105.87	-105.87	-105.87	4.27500	6.41719e+07	1.50515	6.81080	0.00566369	0.075	0	0	0	0.000	0	0	0	0	0	0	0	0	0	0	0	0	0	0	4.50000	1	1	0	0	0	0	0	0	0
254	2016-04-27 16:33:14	0.00766974	0.00616089	0	-0.00381971	-0.000387589	4.30000	0.125956	-0.304686	-0.497069	0.870722	-0.0546431	-0.366157	4.30000	0.0133635	103.357	122.56200	326.020	326.02000	4173.80000	-104.973	-104.973	-104.973	-104.973	4.20000	5.6097e+07	0.299927	2.65551	0.0623433	-2.55384	0	0	0	0.000	0	0	0	0	0	0	0	0	0	0	0	0	0	0	103.357	122.56200	326.020	326.02000	4173.80000	-104.973	-104.973	-104.973	-104.973	4.20000	5.6097e+07	0.624694	3.07526	0.010336	-0.622826	0	0	0	0.000	0	0	0	0	0	0	0	0	0	0	0	0	0	0	4.50000	1	1	0	0	0	0	0	0	0
256	2016-05-07 14:51:08	0.00622322	0.00675125	0.0049592	-0.000751896	-0.00381971	4.50000	0.123074	0.292044	0.355165	-0.0327373	0.0124859	0.234948	4.50000	3.05176e-05	5.74615	122.56200	326.020	326.02000	4173.80000	-12.4157	-12.4157	-12.4157	-12.4157	4.35000	6.25647e+08	0.303278	2.67318	0.0619425	-2.51427	0	0	0	0.000	0	0	0	0	0	0	0	0	0	0	0	0	0	0	5.74615	122.56200	326.020	326.02000	4173.80000	-12.4157	-12.4157	-12.4157	-12.4157	4.35000	6.25647e+08	1.50515	6.99895	0.0226548	-0.15	0	0	0	0.000	0	0	0	0	0	0	0	0	0	0	0	0	0	0	4.60000	1	1	0	0	0	0	0	0	0
268	2018-02-03 19:30:56	0.00203913	0.00289919	0.00648955	0.00622322	0.00675125	0.00000	0.113732	-0.790884	0.170815	-0.147564	0.292044	0.355165	0.00000	0.00612982	241.058	544.86700	326.020	326.02000	4173.80000	-332.889	-332.889	-332.889	-332.889	4.52500	3.56464e+07	0.314706	2.73018	0.0798664	-3.07535	0	0	0	0.000	0	0	0	0	0	0	0	0	0	0	0	0	0	0	241.058	544.86700	326.020	326.02000	4173.80000	-332.889	-332.889	-332.889	-332.889	4.52500	3.56464e+07	0.737517	3.68232	0.00223587	-0.0928571	0	0	0	0.000	0	0	0	0	0	0	0	0	0	0	0	0	0	0	4.80000	1	1	0	0	0	0	0	0	0
269	2018-02-05 09:06:44	0	0.00311552	0.00815146	0.00166166	0.00920964	4.80000	0.115524	0.310907	-0.239233	-0.71245	0.210733	0.647209	4.80000	0.000595222	274.6	374.49900	326.020	326.02000	4173.80000	-276.166	-276.166	-276.166	-276.166	4.57500	4.4496e+07	0.312442	2.71626	0.0877941	-3.69363	0	0	0	0.000	0	0	0	0	0	0	0	0	0	0	0	0	0	0	274.6	374.49900	326.020	326.02000	4173.80000	-276.166	-276.166	-276.166	-276.166	4.57500	4.4496e+07	1.07511	5.26367	0.0212269	0.00405262	0	0	0	0.000	0	0	0	0	0	0	0	0	0	0	0	0	0	0	4.80000	1	1	0	0	0	0	0	0	0
270	2018-02-05 15:58:41	-0.00265899	0.00221899	-0.00088379	0.0102832	0.00766974	4.80000	0.118397	2.2461	-0.239233	-0.138821	0.51756	-0.304686	4.80000	9.31323e-10	179.709	334.45500	326.020	326.02000	4173.80000	-179.995	-179.995	-179.995	-179.995	4.70000	7.96052e+07	0.308887	2.70089	0.0894228	-3.74395	0	0	0	0.000	0	0	0	0	0	0	0	0	0	0	0	0	0	0	179.709	334.45500	326.020	326.02000	4173.80000	-179.995	-179.995	-179.995	-179.995	4.70000	7.96052e+07	3.0103	14.49350	0.18899	0.0853759	0	0	0	0.000	0	0	0	0	0	0	0	0	0	0	0	0	0	0	4.40000	1	0	0	0	0	0	0	0	0
272	2018-02-14 18:27:31	-0.0101518	0.00203913	0.00289919	0.00648955	0.00622322	0.00000	0.121994	-0.00839218	-0.790884	0.170815	-0.147564	0.292044	0.00000	0.00649567	1.92102	93.68330	326.020	326.02000	4173.80000	-10.956	-10.956	-10.956	-10.956	4.67500	1.25342e+09	0.304554	2.68805	0.0916133	-3.82619	0	0	0	0.000	0	0	0	0	0	0	0	0	0	0	0	0	0	0	1.92102	93.68330	326.020	326.02000	4173.80000	-10.956	-10.956	-10.956	-10.956	4.67500	1.25342e+09	0.729125	3.82897	0.00252216	-0.451458	0	0	0	0.000	0	0	0	0	0	0	0	0	0	0	0	0	0	0	4.80000	1	1	0	0	0	0	0	0	0
273	2018-02-19 14:47:01	-0.0108487	0	0.00311552	0.00815146	0.00166166	4.80000	0.124514	-0.76276	0.310907	-0.239233	-0.71245	0.210733	4.80000	0.1156	9.38943	10.95600	326.020	326.02000	4173.80000	-14.2363	-14.2363	-14.2363	-14.2363	4.67500	9.64608e+08	0.301593	2.67818	0.0904703	-3.88010	0	0	0	0.000	0	0	0	0	0	0	0	0	0	0	0	0	0	0	9.38943	10.95600	326.020	326.02000	4173.80000	-14.2363	-14.2363	-14.2363	-14.2363	4.67500	9.64608e+08	0.312347	1.88053	0.00874656	-1.22065	0	0	0	0.000	0	0	0	0	0	0	0	0	0	0	0	0	0	0	5.00000	1	1	1	0	0	0	0	0	0
275	2018-06-01 17:43:25	-0.00824392	-0.00396024	-0.00360695	0.00360695	0.01282	0.00000	0.126857	-0.204075	-0.140902	-0.556421	0.284195	-1.86805	0.00000	0.0265981	16.2316	16.30000	326.020	326.02000	4173.80000	-116.004	-116.004	-116.004	-116.004	4.75000	1.1556e+08	0.298895	2.67573	0.0802161	-3.95206	0	0	0	0.000	0	0	0	0	0	0	0	0	0	0	0	0	0	0	16.2316	16.30000	326.020	326.02000	4173.80000	-116.004	-116.004	-116.004	-116.004	4.75000	1.1556e+08	0.52505	2.88306	0.0311498	-0.491026	0	0	0	0.000	0	0	0	0	0	0	0	0	0	0	0	0	0	0	4.15000	1	0	0	0	0	0	0	0	0
281	2018-12-09 15:15:40	-0.00361283	-0.00453834	-0.0108487	0	0.00311552	0.00000	0.131727	-0.120218	0.362861	-0.76276	0.310907	-0.239233	0.00000	0.0216288	151.884	273.07300	326.020	326.02000	4173.80000	-171.831	-171.831	-171.831	-171.831	4.55000	8.47091e+07	0.293442	2.65393	0.0772035	-4.04414	0	0	0	0.000	0	0	0	0	0	0	0	0	0	0	0	0	0	0	151.884	273.07300	326.020	326.02000	4173.80000	-171.831	-171.831	-171.831	-171.831	4.55000	8.47091e+07	0.554989	2.87025	0.0117388	-0.271729	0	0	0	0.000	0	0	0	0	0	0	0	0	0	0	0	0	0	0	4.50000	1	1	0	0	0	0	0	0	0
287	2019-05-01 03:17:58	0.000788819	-0.00643207	-0.000205567	-0.00824392	-0.00396024	0.00000	0.132087	-0.200255	0.0461907	0.358139	-0.204075	-0.140902	0.00000	0.00649567	61.8773	236.96100	1865.130	326.02000	4173.80000	-77.3715	-77.3715	-77.3715	-77.3715	4.50000	1.10312e+08	0.293046	2.65494	0.0895445	-3.95979	0	5.41738	0	0.000	0	0	0	0	0	0	0	0	0	0	0	0	0	0	61.8773	236.96100	1865.130	326.02000	4173.80000	-77.3715	-77.3715	-77.3715	-77.3715	4.50000	1.10312e+08	0.729125	3.67014	0.0450278	-0.43362	0	5.41738	0	0.000	0	0	0	0	0	0	0	0	0	0	0	0	0	0	4.10000	1	0	0	0	0	0	0	0	0
289	2019-05-18 16:38:31	0.00240523	0.00039708	-0.00361283	-0.00453834	-0.0108487	0.00000	0.129201	-4.84993	5.46561	-0.120218	0.362861	-0.76276	0.00000	0.000307598	22.4909	236.96100	1865.130	326.02000	4173.80000	-38.7366	-38.7366	-38.7366	-38.7366	4.27500	1.96078e+08	0.296245	2.66384	0.0873469	-3.89203	0	0	0	0.000	0	0	0	0	0	0	0	0	0	0	0	0	0	0	22.4909	236.96100	1865.130	326.02000	4173.80000	-38.7366	-38.7366	-38.7366	-38.7366	4.27500	1.96078e+08	1.17067	5.38091	0.00622307	-0.0964286	0	0	0	0.000	0	0	0	0	0	0	0	0	0	0	0	0	0	0	4.40000	1	0	0	0	0	0	0	0	0
292	2019-08-07 21:28:03	-0.00433289	0.000797393	-0.00240523	-0.00244493	-0.00586487	0.00000	0.134613	-0.985802	0.414967	0.229395	0.0801571	-0.0960579	0.00000	0.0766741	34.3629	180.00500	1865.130	326.02000	4173.80000	-97.4468	-97.4468	-97.4468	-97.4468	4.40000	2.50743e+08	0.290304	2.63458	0.0924428	-3.97527	0	0	0	0.000	0	0	0	0	0	0	0	0	0	0	0	0	0	0	34.3629	180.00500	1865.130	326.02000	4173.80000	-97.4468	-97.4468	-97.4468	-97.4468	4.40000	2.50743e+08	0.371784	1.98090	0.0373091	-0.728101	0	0	0	0.000	0	0	0	0	0	0	0	0	0	0	0	0	0	0	4.00000	1	0	0	0	0	0	0	0	0
300	2020-02-03 17:02:57	-0.00612821	0.00116901	-0.00433289	0.000797393	-0.00240523	0.00000	0.139305	-0.0454228	0.530228	-0.985802	0.414967	0.229395	0.00000	0.00269297	82.7762	211.78300	1967.380	2106.39000	4173.80000	-132.01	-132.01	-132.01	-132.01	4.57500	1.00588e+08	0.285345	2.61981	0.0850639	-3.38122	0	0	0	0.000	0	0	0	0	0	0	0	0	0	0	0	0	0	0	82.7762	211.78300	1967.380	2106.39000	4173.80000	-132.01	-132.01	-132.01	-132.01	4.57500	1.00588e+08	0.856589	4.29518	0.0103743	-0.0142857	0	0	0	0.000	0	0	0	0	0	0	0	0	0	0	0	0	0	0	4.00000	1	0	0	0	0	0	0	0	0
303	2020-02-25 11:14:03	-0.00452355	-0.00348842	-0.0055974	0.00441576	0.000788819	4.10000	0.140748	-0.489611	0.61711	-0.749598	0.345982	-0.200255	4.10000	0.0437498	71.3203	179.81600	1967.380	2106.39000	4173.80000	-70.9917	-70.9917	-70.9917	-70.9917	4.50000	2.03269e+08	0.283853	2.61542	0.0837331	-3.41402	0	0	0	0.000	0	0	0	0	0	0	0	0	0	0	0	0	0	0	71.3203	179.81600	1967.380	2106.39000	4173.80000	-70.9917	-70.9917	-70.9917	-70.9917	4.50000	2.03269e+08	0.453008	2.38359	0.0120723	-0.261693	0	0	0	0.000	0	0	0	0	0	0	0	0	0	0	0	0	0	0	4.80000	1	1	0	0	0	0	0	0	0
305	2020-04-08 23:49:19	-0.00334393	-0.00419616	-0.00116588	-0.00516244	0.00240523	0.00000	0.142191	0.106457	-1.46977	1.65927	-0.847674	-4.84993	0.00000	0.0139034	22.5217	71.75580	1967.380	2106.39000	4173.80000	-61.4942	-61.4942	-61.4942	-61.4942	4.47500	1.78104e+08	0.282376	2.61809	0.0810914	-3.47164	0	0	0	0.000	0	0	0	0	0	0	0	0	0	0	0	0	0	0	22.5217	71.75580	1967.380	2106.39000	4173.80000	-61.4942	-61.4942	-61.4942	-61.4942	4.47500	1.78104e+08	0.61896	3.11490	0.012158	-0.032472	0	0	0	0.000	0	0	0	0	0	0	0	0	0	0	0	0	0	0	4.60000	1	1	0	0	0	0	0	0	0
314	2021-04-07 13:19:35	-0.0039112	-0.00218049	-0.00446453	-0.00344228	-0.00194836	0.00000	0.148678	-0.484283	-0.0146084	0.538128	-2.55729	2.691	0.00000	0.0333632	119.054	246.63100	2455.690	2106.39000	4173.80000	-176.903	-176.903	-176.903	-176.903	4.82500	9.20385e+07	0.275918	2.59676	0.0805307	-3.61135	0	0	0	0.000	0	0	0	0	0	0	0	0	0	0	0	0	0	0	119.054	246.63100	2455.690	2106.39000	4173.80000	-176.903	-176.903	-176.903	-176.903	4.82500	9.20385e+07	0.492244	2.76415	0.025037	-0.415412	0	0	0	0.000	0	0	0	0	0	0	0	0	0	0	0	0	0	0	4.20000	1	0	0	0	0	0	0	0	0
319	2021-06-20 14:50:12	0.00880332	-0.00247618	-0.0043499	-0.0011088	-0.00452355	0.00000	0.139906	-0.266616	0.0708631	-1.0171	1.05214	-0.489611	0.00000	0.13277	63.3909	246.63100	2455.690	2106.39000	4173.80000	-74.006	-74.006	-74.006	-74.006	3.95000	9.39865e+07	0.284721	2.61538	0.0762406	-3.38576	0	0	0	0.000	0	0	0	0	0	0	0	0	0	0	0	0	0	0	63.3909	246.63100	2455.690	2106.39000	4173.80000	-74.006	-74.006	-74.006	-74.006	3.95000	9.39865e+07	0.2923	1.49964	0.0296484	-0.730474	0	0	0	0.000	0	0	0	0	0	0	0	0	0	0	0	0	0	0	4.76667	1	1	0	0	0	0	0	0	0
321	2021-07-05 15:12:30	0.00154235	0.00822137	-0.00566756	-0.00218614	-0.00334393	0.00000	0.140327	0.266095	-0.300907	-0.628926	0.581927	0.106457	0.00000	0.0244654	31.4047	195.00700	2455.690	2106.39000	4173.80000	-43.8019	-43.8019	-43.8019	-43.8019	4.53333	2.44994e+08	0.284286	2.61184	0.0766042	-3.38736	0	0	0	0.000	0	0	0	0	0	0	0	0	0	0	0	0	0	0	31.4047	195.00700	2455.690	2106.39000	4173.80000	-43.8019	-43.8019	-43.8019	-43.8019	4.53333	2.44994e+08	0.537149	2.85539	9.9969e-05	-0.54915	0	0	0	0.000	0	0	0	0	0	0	0	0	0	0	0	0	0	0	4.55000	1	1	0	0	0	0	0	0	0
325	2021-08-19 07:50:55	0.00338959	0.00154235	0.00822137	-0.00566756	-0.00218614	0.00000	0.13708	0.637649	0.266095	-0.300907	-0.628926	0.581927	0.00000	0.000298955	20.8526	33.24980	2455.690	2106.39000	4173.80000	-44.6933	-44.6933	-44.6933	-44.6933	4.47500	2.09236e+08	0.287676	2.61825	0.07734	-3.30139	0	0	0	0.000	0	0	0	0	0	0	0	0	0	0	0	0	0	0	20.8526	33.24980	2455.690	2106.39000	4173.80000	-44.6933	-44.6933	-44.6933	-44.6933	4.47500	2.09236e+08	1.1748	5.64630	0.0442845	-0.206185	0	0	0	0.000	0	0	0	0	0	0	0	0	0	0	0	0	0	0	4.50000	1	1	0	0	0	0	0	0	0
327	2021-09-06 14:00:23	-0.00201567	0.00276428	0.00880332	-0.00247618	-0.0043499	0.00000	0.139185	0.384021	0.670392	-0.266616	0.0708631	-1.0171	0.00000	9.11718e-05	32.1728	33.24980	2455.690	2106.39000	4173.80000	-50.1074	-50.1074	-50.1074	-50.1074	4.45000	2.21706e+08	0.28547	2.61624	0.0804979	-3.36470	0	0.321956	0	0.000	0	0	0	0	0	0	0	0	0	0	0	0	0	0	32.1728	33.24980	2455.690	2106.39000	4173.80000	-50.1074	-50.1074	-50.1074	-50.1074	4.45000	2.21706e+08	1.34671	6.38195	0.0328605	-0.138908	0	0.321956	0	0.000	0	0	0	0	0	0	0	0	0	0	0	0	0	0	4.93333	1	1	0	0	0	0	0	0	0
328	2021-09-10 05:45:02	-0.00516325	0.00417032	0.0039306	0.00429424	-0.00502294	4.93333	0.140748	-0.222372	0.396309	0.255457	0.0570597	-2.80207	4.93333	0.00824036	42.0974	62.94990	2455.690	2106.39000	4173.80000	-45.7534	-45.7534	-45.7534	-45.7534	4.63333	3.05293e+08	0.283853	2.60909	0.0819403	-3.39170	0	0.321956	0	0.000	0	0	0	0	0	0	0	0	0	0	0	0	0	0	42.0974	62.94990	2455.690	2106.39000	4173.80000	-45.7534	-45.7534	-45.7534	-45.7534	4.63333	3.05293e+08	0.694685	3.59499	0.0244421	-0.241667	0	0.321956	0	0.000	0	0	0	0	0	0	0	0	0	0	0	0	0	0	4.93333	1	1	0	0	0	0	0	0	0
330	2021-10-23 10:03:04	-0.00261904	0.00112834	0.000249536	0.00905242	-0.0039112	0.00000	0.140868	-0.992328	-0.247115	1.08252	-0.185399	-0.484283	0.00000	0.354994	24.7965	48.95920	2455.690	2106.39000	4173.80000	-64.7698	-64.7698	-64.7698	-64.7698	4.82500	2.28053e+08	0.283729	2.61335	0.0815722	-3.41073	0	0	0	0.000	0	0	0	0	0	0	0	0	0	0	0	0	0	0	24.7965	48.95920	2455.690	2106.39000	4173.80000	-64.7698	-64.7698	-64.7698	-64.7698	4.82500	2.28053e+08	0.149926	1.23175	0.000899118	-3.28237	0	0	0	0.000	0	0	0	0	0	0	0	0	0	0	0	0	0	0	6.20000	1	1	1	1	1	0	0	0	0
332	2022-01-03 09:46:35	-0.0101376	-0.00516325	0.00417032	0.0039306	0.00429424	0.00000	0.150958	-0.55207	-0.222372	0.396309	0.255457	0.0570597	0.00000	0.373383	43.9768	47.63280	1049.580	2775.70000	4485.46000	-115.168	-115.168	-115.168	-115.168	5.04167	6.935e+08	0.273715	2.56803	0.0732216	-3.18214	0	0	0	0.000	0	0	0	0	0	0	0	0	0	0	0	0	0	0	43.9768	47.63280	1049.580	2775.70000	4485.46000	-115.168	-115.168	-115.168	-115.168	5.04167	6.935e+08	0.142615	1.10809	0.0222848	-1.56982	0	0	0	0.000	0	0	0	0	0	0	0	0	0	0	0	0	0	0	5.00000	1	1	1	0	0	0	0	0	0
334	2022-03-21 23:09:11	-0.0127466	-0.00261904	0.00112834	0.000249536	0.00905242	0.00000	0.153834	0.0442985	-0.992328	-0.247115	1.08252	-0.185399	0.00000	0.261412	72.5517	112.52500	879.513	2784.39000	4397.86000	-149.546	-149.546	-149.546	-149.546	5.37500	5.35835e+08	0.270982	2.56927	0.0561907	-3.28133	0	0	0	0.000	0	0	0	0	0	0	0	0	0	0	0	0	0	0	72.5517	112.52500	879.513	2784.39000	4397.86000	-149.546	-149.546	-149.546	-149.546	5.37500	5.35835e+08	0.194225	1.46427	0.00265085	-1.33904	0	0	0	0.000	0	0	0	0	0	0	0	0	0	0	0	0	0	0	5.20000	1	1	1	0	0	0	0	0	0
335	2022-03-24 00:38:12	-0.00736691	-0.00576087	-0.00201567	0.00276428	0.00880332	4.90000	0.152396	-0.00496028	-1.04905	0.384021	0.670392	-0.266616	4.90000	0.132403	148.748	148.74800	879.513	2784.39000	4397.86000	-150.81	-150.81	-150.81	-150.81	5.57500	5.31343e+08	0.272342	2.57798	0.0551958	-3.26599	0	0	0	0.000	0	0	0	0	0	0	0	0	0	0	0	0	0	0	148.748	148.74800	879.513	2784.39000	4397.86000	-150.81	-150.81	-150.81	-150.81	5.57500	5.31343e+08	0.292701	2.05212	0.00692848	-0.810973	0	0	0	0.000	0	0	0	0	0	0	0	0	0	0	0	0	0	0	5.20000	1	1	1	0	0	0	0	0	0
341	2022-06-22 21:02:43	0.000164231	-0.00535754	-0.00845199	-0.0068819	0.00338959	0.00000	0.157963	0.833455	0.286291	-0.144484	-0.886478	0.637649	0.00000	0.000161902	49.0848	100.82600	408.320	2784.39000	4397.86000	-69.0804	-69.0804	-69.0804	-69.0804	4.45000	1.49488e+08	0.267149	2.55887	0.0539395	-3.37845	0	0	0	0.000	0	0	0	0	0	0	0	0	0	0	0	0	0	0	49.0848	100.82600	408.320	2784.39000	4397.86000	-69.0804	-69.0804	-69.0804	-69.0804	4.45000	1.49488e+08	1.26358	5.99923	0.017793	0.152206	0	0	0	0.000	0	0	0	0	0	0	0	0	0	0	0	0	0	0	4.65000	1	1	0	0	0	0	0	0	0
344	2022-10-10 12:17:49	0.000330287	-0.00199402	-0.00407853	-0.0101376	-0.00516325	0.00000	0.157066	1.41791	0.41871	0.305276	-0.55207	-0.222372	0.00000	1.40112e-07	114.748	91.82150	408.320	2784.39000	4397.86000	-129.631	-129.631	-129.631	-129.631	4.50000	8.13665e+07	0.267973	2.56200	0.057106	-3.36066	0	0	0	0.000	0	0	0	0	0	0	0	0	0	0	0	0	0	0	114.748	91.82150	408.320	2784.39000	4397.86000	-129.631	-129.631	-129.631	-129.631	4.50000	8.13665e+07	2.28451	10.70060	0.118885	-0.0339828	0	0	0	0.000	0	0	0	0	0	0	0	0	0	0	0	0	0	0	5.50000	1	1	1	1	0	0	0	0	0
345	2022-10-10 19:24:39	-0.00211936	0.000164231	-0.00535754	-0.00845199	-0.0068819	4.70000	0.160292	-0.713145	0.833455	0.286291	-0.144484	-0.886478	4.70000	0.0223196	109.635	178.71600	408.320	2784.39000	4397.86000	-109.932	-109.932	-109.932	-109.932	4.62500	1.82096e+08	0.265029	2.55003	0.0582102	-3.42169	0	0	0	0.000	0	0	0	0	0	0	0	0	0	0	0	0	0	0	109.635	178.71600	408.320	2784.39000	4397.86000	-109.932	-109.932	-109.932	-109.932	4.62500	1.82096e+08	0.550438	2.93485	0.0541589	-0.631847	0	0	0	0.000	0	0	0	0	0	0	0	0	0	0	0	0	0	0	4.90000	1	1	0	0	0	0	0	0	0
348	2022-12-14 14:32:27	-0.00645458	0.000330287	-0.00199402	-0.00407853	-0.0101376	5.20000	0.164227	-1.80903	1.41791	0.41871	0.305276	-0.55207	5.20000	0.0374586	58.1921	58.19210	338.297	2784.39000	4397.86000	-65.0935	-65.0935	-65.0935	-65.0935	5.07500	3.78759e+08	0.261518	2.54411	0.0561917	-3.52824	0	0	0	0.000	0	0	0	0	0	0	0	0	0	0	0	0	0	0	58.1921	58.19210	338.297	2784.39000	4397.86000	-65.0935	-65.0935	-65.0935	-65.0935	5.07500	3.78759e+08	0.475483	2.75813	0.00975325	-0.300689	0	0	0	0.000	0	0	0	0	0	0	0	0	0	0	0	0	0	0	5.90000	1	1	1	1	0	0	0	0	0
349	2022-12-14 22:54:11	-0.000966868	-0.00211936	0.000164231	-0.00535754	-0.00845199	4.30000	0.161366	-0.0248411	-0.713145	0.833455	0.286291	-0.144484	4.30000	0.0264977	64.7971	58.19210	338.297	2784.39000	4397.86000	-65.1455	-65.1455	-65.1455	-65.1455	4.97500	3.54837e+08	0.264062	2.55498	0.0553259	-3.47566	0	0	0	0.000	0	0	0	0	0	0	0	0	0	0	0	0	0	0	64.7971	58.19210	338.297	2784.39000	4397.86000	-65.1455	-65.1455	-65.1455	-65.1455	4.97500	3.54837e+08	0.525597	2.95990	0.00947692	-0.131497	0	0	0	0.000	0	0	0	0	0	0	0	0	0	0	0	0	0	0	5.90000	1	1	1	1	0	0	0	0	0
352	2023-02-06 20:20:15	-0.00341922	-0.00645458	0.000330287	-0.00199402	-0.00407853	0.00000	0.168152	-0.120182	-1.80903	1.41791	0.41871	0.305276	0.00000	0.0859204	23.8673	65.36010	266.142	1225.27000	4397.86000	-54.2415	-54.2415	-54.2415	-54.2415	4.65000	5.139e+08	0.258099	2.52540	0.0548957	-3.58464	0	0	0	0.000	0	0	0	0	0	0	0	0	0	0	0	0	0	0	23.8673	65.36010	266.142	1225.27000	4397.86000	-54.2415	-54.2415	-54.2415	-54.2415	4.65000	5.139e+08	0.355301	2.02844	0.0177099	0.190934	0	0	0	0.000	0	0	0	0	0	0	0	0	0	0	0	0	0	0	4.30000	1	0	0	0	0	0	0	0	0
356	2023-03-22 15:43:05	0.00373455	-0.00341922	-0.00645458	0.000330287	-0.00199402	0.00000	0.16387	2.655	-0.120182	-1.80903	1.41791	0.41871	0.00000	9.31323e-10	23.8533	116.30700	266.142	1225.27000	4397.86000	-43.8075	-43.8075	-43.8075	-43.8075	4.47500	2.17982e+08	0.261833	2.54142	0.0544077	-3.50625	0	0	0	0.000	0	0	0	0	0	0	0	0	0	0	0	0	0	0	23.8533	116.30700	266.142	1225.27000	4397.86000	-43.8075	-43.8075	-43.8075	-43.8075	4.47500	2.17982e+08	3.0103	13.86020	0.16122	0.195752	0	0	0	0.000	0	0	0	0	0	0	0	0	0	0	0	0	0	0	4.40000	1	0	0	0	0	0	0	0	0
357	2023-03-22 21:51:04	0.00156912	-0.00379794	-0.000966868	-0.00211936	0.000164231	4.50000	0.16387	5.69104	-0.196038	-0.0248411	-0.713145	0.833455	4.50000	8.67362e-19	42.4753	116.30700	266.142	1225.27000	4397.86000	-42.7308	-42.7308	-42.7308	-42.7308	4.40000	1.8656e+08	0.261833	2.54203	0.0546075	-3.50858	0	0	0	0.000	0	0	0	0	0	0	0	0	0	0	0	0	0	0	42.4753	116.30700	266.142	1225.27000	4397.86000	-42.7308	-42.7308	-42.7308	-42.7308	4.40000	1.8656e+08	6.0206	26.87970	0.0707487	0.0353759	0	0	0	0.000	0	0	0	0	0	0	0	0	0	0	0	0	0	0	4.20000	1	0	0	0	0	0	0	0	0
367	2024-01-28 18:11:23	-0.00809754	0.0103702	0.00286566	0.00125378	-0.000939206	0.00000	0.1585	0.24282	-1.45863	0.516366	0.889845	-0.429484	0.00000	0.0316061	148.705	330.53600	266.142	1225.27000	4397.86000	-166.043	-166.043	-166.043	-166.043	4.45000	7.58344e+07	0.266656	2.54951	0.0557743	-3.36104	0	0	0	0.000	0	0	0	0	0	0	0	0	0	0	0	0	0	0	148.705	330.53600	266.142	1225.27000	4397.86000	-166.043	-166.043	-166.043	-166.043	4.45000	7.58344e+07	0.500077	2.57039	0.00654749	-0.24	0	0	0	0.000	0	0	0	0	0	0	0	0	0	0	0	0	0	0	5.00000	1	1	1	0	0	0	0	0	0
371	2024-03-19 11:20:28	-0.00184275	-0.00809754	0.0103702	0.00286566	0.00125378	0.00000	0.160531	0.259587	0.24282	-1.45863	0.516366	0.889845	0.00000	0.0052603	26.4345	105.48800	266.142	1225.27000	4397.86000	-50.7146	-50.7146	-50.7146	-50.7146	4.80000	3.24683e+08	0.264814	2.54900	0.0547017	-3.42565	0	0	0.00037037	0.000	0	0	0	0	0	0	0	0	0	0	0	0	0	0	26.4345	105.48800	266.142	1225.27000	4397.86000	-50.7146	-50.7146	-50.7146	-50.7146	4.80000	3.24683e+08	0.759663	4.06669	0.0196662	-0.353285	0	0	0.00037037	0.000	0	0	0	0	0	0	0	0	0	0	0	0	0	0	4.65000	1	1	0	0	0	0	0	0	0
373	2024-04-02 23:58:12	-0.0110005	-0.00643133	0.00567132	0.00449591	0.00156912	0.00000	0.172303	-0.0926024	0.0246468	-2.74632	-3.0103	5.69104	0.00000	0.258191	45.4098	52.69300	266.142	1225.27000	4397.86000	-57.9573	-57.9573	-57.9573	-57.9573	4.62500	5.03494e+09	0.254569	2.50409	0.0571495	-3.63658	0	0	0	0.000	0	0	0	0	0	0	0	0	0	0	0	0	0	0	45.4098	52.69300	266.142	1225.27000	4397.86000	-57.9573	-57.9573	-57.9573	-57.9573	4.62500	5.03494e+09	0.19602	1.29567	0.0506337	-1.70988	0	0	0	0.000	0	0	0	0	0	0	0	0	0	0	0	0	0	0	5.00000	1	1	1	0	0	0	0	0	0
374	2024-04-04 06:44:54	-0.00876486	-0.00349872	-0.00404809	0.00989978	0.00126592	7.40000	0.17017	-0.215324	-0.269857	0.425095	-1.48022	0.739356	7.40000	0.297354	38.8063	38.80630	540.190	891.78200	3806.50000	0	0	-40.0887	-40.0887	5.40000	7.26569e+09	0.256372	2.52388	0.0487594	-2.44458	0	0	0	0.000	0	0	0	0	0	0	0	0	0	0	0	0	0	0	38.8063	38.80630	540.190	891.78200	3806.50000	0	0	-40.0887	-40.0887	5.40000	7.26569e+09	0.175575	1.32439	0.0149739	-0.143167	0	0	0	0.000	0	0	0	0	0	0	0	0	0	0	0	0	0	0	5.00000	1	1	1	0	0	0	0	0	0
375	2024-04-06 01:37:49	-0.00994605	-0.00184275	-0.00809754	0.0103702	0.00286566	7.40000	0.171948	-0.588424	0.259587	0.24282	-1.45863	0.516366	7.40000	0.306395	38.8063	38.80630	540.190	891.78200	3806.50000	0	0	-17.5954	-17.5954	5.17500	1.65942e+10	0.254868	2.51386	0.0480652	-2.46341	0	0	0	0.000	0	0	0	0	0	0	0	0	0	0	0	0	0	0	38.8063	38.80630	540.190	891.78200	3806.50000	0	0	-17.5954	-17.5954	5.17500	1.65942e+10	0.171239	1.27524	7.02307e-05	-0.0471139	0	0	0	0.000	0	0	0	0	0	0	0	0	0	0	0	0	0	0	4.50000	1	1	0	0	0	0	0	0	0
376	2024-04-06 02:43:15	-0.00872291	0.000428847	-0.0103445	0.010023	0.00255033	7.40000	0.170882	-0.778545	0.676524	0.00766338	-1.27114	-1.4819	7.40000	0.324567	17.5954	17.59540	540.190	891.78200	3806.50000	0	0	-15.6621	-15.6621	5.26250	1.85583e+10	0.255768	2.52132	0.0469979	-2.45785	0	0	0	0.000	0	0	0	0	0	0	0	0	0	0	0	0	0	0	17.5954	17.59540	540.190	891.78200	3806.50000	0	0	-15.6621	-15.6621	5.26250	1.85583e+10	0.162899	1.20231	0.00374024	0.0192937	0	0	0	0.000	0	0	0	0	0	0	0	0	0	0	0	0	0	0	4.50000	1	1	0	0	0	0	0	0	0
377	2024-04-10 09:09:44	0.00373475	-0.0110005	-0.00643133	0.00567132	0.00449591	5.00000	0.167915	0.34685	-0.0926024	0.0246468	-2.74632	-3.0103	5.00000	0.0235175	15.6621	17.59540	540.190	891.78200	3806.50000	0	0	-7.38301	-7.38301	5.15000	3.91664e+10	0.258304	2.53198	0.0460669	-2.40235	0	0	0	0.000	0	0	0	0	0	0	0	0	0	0	0	0	0	0	15.6621	17.59540	540.190	891.78200	3806.50000	0	0	-7.38301	-7.38301	5.15000	3.91664e+10	0.542869	3.14083	0.355306	1.61439	0	0	0	0.000	0	0	0	0	0	0	0	0	0	0	0	0	0	0	4.50000	1	1	0	0	0	0	0	0	0
378	2024-04-10 11:22:58	0.0042045	-0.00876486	-0.00349872	-0.00404809	0.00989978	5.00000	0.165299	0.454868	-0.215324	-0.269857	0.425095	-1.48022	5.00000	0.0128431	7.38301	17.59540	540.190	891.78200	3806.50000	0	0	-6.1931	-6.1931	4.32500	1.3643e+09	0.260577	2.53807	0.0448076	-2.34019	0	0	0	0.000	0	0	0	0	0	0	0	0	0	0	0	0	0	0	7.38301	17.59540	540.190	891.78200	3806.50000	0	0	-6.1931	-6.1931	4.32500	1.3643e+09	0.630443	3.07172	0.00812597	0.127682	0	0	0	0.000	0	0	0	0	0	0	0	0	0	0	0	0	0	0	4.50000	1	1	0	0	0	0	0	0	0
380	2024-04-15 18:47:44	0.00423801	-0.00872291	0.000428847	-0.0103445	0.010023	4.50000	0.165952	0.748141	-0.778545	0.676524	0.00766338	-1.27114	4.50000	0.00184876	4.59163	17.59540	540.190	891.78200	3806.50000	0	0	-9.66978	-9.66978	4.25000	8.07441e+08	0.260006	2.53208	0.0444177	-2.33855	0	0	0	0.000	0	0	0	0	0	0	0	0	0	0	0	0	0	0	4.59163	17.59540	540.190	891.78200	3806.50000	0	0	-9.66978	-9.66978	4.25000	8.07441e+08	0.91104	4.26100	0.0118201	-0.177068	0	0	0	0.000	0	0	0	0	0	0	0	0	0	0	0	0	0	0	4.71616	1	1	0	0	0	0	0	0	0
381	2024-04-16 18:59:48	0.00640575	0.00373475	-0.0110005	-0.00643133	0.00567132	4.71616	0.160647	0.0495805	0.34685	-0.0926024	0.0246468	-2.74632	4.71616	0.0166975	5.40139	25.33190	540.190	891.78200	3806.50000	0	0	-6.40977	-6.40977	4.37904	1.46991e+09	0.264709	2.55642	0.0439784	-2.25747	0	0	0	0.000	0	0	0	0	0	0	0	0	0	0	0	0	0	0	5.40139	25.33190	540.190	891.78200	3806.50000	0	0	-6.40977	-6.40977	4.37904	1.46991e+09	0.59245	2.93941	0.0103221	-0.245296	0	0	0	0.000	0	0	0	0	0	0	0	0	0	0	0	0	0	0	4.71616	1	1	0	0	0	0	0	0	0
382	2024-04-18 09:11:57	0.00900907	0.0042045	-0.00876486	-0.00349872	-0.00404809	4.71616	0.155325	-0.0524559	0.454868	-0.215324	-0.269857	0.425095	4.71616	0.0184517	6.31725	13.79280	540.190	891.78200	3806.50000	0	0	-7.90902	-7.90902	4.53308	1.41785e+09	0.269586	2.56948	0.0506208	-2.13122	0	0	0	0.000	0	0	0	0	0	0	0	0	0	0	0	0	0	0	6.31725	13.79280	540.190	891.78200	3806.50000	0	0	-7.90902	-7.90902	4.53308	1.41785e+09	0.577988	3.04037	0.000632985	-0.544115	0	0	0	0.000	0	0	0	0	0	0	0	0	0	0	0	0	0	0	4.71616	1	1	0	0	0	0	0	0	0
383	2024-04-19 14:25:52	0.00860032	0.00707112	-0.00994605	-0.00184275	-0.00809754	4.71616	0.154306	-0.533568	1.36233	-0.588424	0.259587	0.24282	4.71616	0.001	7.6783	12.31540	540.190	891.78200	3806.50000	0	0	-8.8963	-8.8963	4.66212	1.44192e+09	0.270539	2.56856	0.055399	-2.09422	0	0	0	0.000	0	0	0	0	0	0	0	0	0	0	0	0	0	0	7.6783	12.31540	540.190	891.78200	3806.50000	0	0	-8.8963	-8.8963	4.66212	1.44192e+09	1	5.17048	0.0020804	-0.454316	0	0	0	0.000	0	0	0	0	0	0	0	0	0	0	0	0	0	0	4.71616	1	1	0	0	0	0	0	0	0
384	2024-04-20 00:35:11	0.0111539	0.00423801	-0.00872291	0.000428847	-0.0103445	4.71616	0.153645	0.0889601	0.748141	-0.778545	0.676524	0.00766338	4.71616	0.001	3.81815	3.81815	540.190	891.78200	3806.50000	0	0	-4.24128	-4.24128	4.71616	3.22548e+09	0.27116	2.56901	0.0565565	-2.07416	0	0	0	0.000	0	0	0	0	0	0	0	0	0	0	0	0	0	0	3.81815	3.81815	540.190	891.78200	3806.50000	0	0	-4.24128	-4.24128	4.71616	3.22548e+09	1	5.31822	0	-0.60206	0	0	0	0.000	0	0	0	0	0	0	0	0	0	0	0	0	0	0	4.60000	1	1	0	0	0	0	0	0	0
385	2024-04-24 05:01:20	0.00476825	0.00640575	0.00373475	-0.0110005	-0.00643133	4.71616	0.155442	0.48311	0.0495805	0.34685	-0.0926024	0.0246468	4.71616	0.000593364	3.23291	3.23291	540.190	891.78200	3806.50000	0	0	-7.41773	-7.41773	4.71616	1.77721e+09	0.269478	2.55968	0.0576349	-2.09866	0	0	0	0.000	0	0	0	0	0	0	0	0	0	0	0	0	0	0	3.23291	3.23291	540.190	891.78200	3806.50000	0	0	-7.41773	-7.41773	4.71616	1.77721e+09	1.07556	5.67457	0	-0.559764	0	0	0	0.000	0	0	0	0	0	0	0	0	0	0	0	0	0	0	4.60000	1	1	0	0	0	0	0	0	0
386	2024-04-25 00:19:12	0.00191343	0.00900907	0.0042045	-0.00876486	-0.00349872	4.71616	0.153286	2.01349	-0.0524559	0.454868	-0.215324	-0.269857	4.71616	1.68102e-08	5.82596	5.82596	540.190	891.78200	3806.50000	0	0	-6.63003	-6.63003	4.68712	1.91334e+09	0.271499	2.57154	0.0580851	-2.07165	0	0	0	0.000	0	0	0	0	0	0	0	0	0	0	0	0	0	0	5.82596	5.82596	540.190	891.78200	3806.50000	0	0	-6.63003	-6.63003	4.68712	1.91334e+09	2.59148	12.65490	0.00775203	-0.167124	0	0	0	0.000	0	0	0	0	0	0	0	0	0	0	0	0	0	0	4.50000	1	1	0	0	0	0	0	0	0
387	2024-04-25 00:48:19	0.00335727	0.00860032	0.00707112	-0.00994605	-0.00184275	4.71616	0.150769	-0.14974	-0.533568	1.36233	-0.588424	0.259587	4.71616	0.00281333	5.41204	5.41204	540.190	891.78200	3806.50000	0	0	-5.43226	-5.43226	4.65808	2.03811e+09	0.273896	2.57966	0.0592498	-2.01838	0	0	0	0.000	0	0	0	0	0	0	0	0	0	0	0	0	0	0	5.41204	5.41204	540.190	891.78200	3806.50000	0	0	-5.43226	-5.43226	4.65808	2.03811e+09	0.85026	4.41212	0.0136367	-0.472986	0	0	0	0.000	0	0	0	0	0	0	0	0	0	0	0	0	0	0	4.50000	1	1	0	0	0	0	0	0	0
388	2024-04-25 01:23:20	0.00377657	0.0111539	0.00423801	-0.00872291	0.000428847	4.71616	0.149689	-0.247425	0.0889601	0.748141	-0.778545	0.676524	4.71616	0.00552427	5.00912	5.41204	540.190	891.78200	3806.50000	0	0	-5.03344	-5.03344	4.52904	1.87894e+09	0.274937	2.58033	0.0598593	-1.98519	0	0	0	0.000	0	0	0	0	0	0	0	0	0	0	0	0	0	0	5.00912	5.41204	540.190	891.78200	3806.50000	0	0	-5.03344	-5.03344	4.52904	1.87894e+09	0.752575	3.79752	0.0342816	-0.329871	0	0	0	0.000	0	0	0	0	0	0	0	0	0	0	0	0	0	0	4.50000	1	1	0	0	0	0	0	0	0
389	2024-04-25 09:03:31	0.00511144	0.00476825	0.00640575	0.00373475	-0.0110005	4.71616	0.150049	0.394587	0.48311	0.0495805	0.34685	-0.0926024	4.71616	3.88652e-05	0.848611	5.41204	540.190	891.78200	3806.50000	0	0	-1.16818	-1.16818	4.40000	6.89533e+09	0.274589	2.57796	0.059892	-1.98844	0	0	0	0.000	0	0	0	0	0	0	0	0	0	0	0	0	0	0	0.848611	5.41204	540.190	891.78200	3806.50000	0	0	-1.16818	-1.16818	4.40000	6.89533e+09	1.47015	6.92019	0.0274618	-0.107143	0	0	0	0.000	0	0	0	0	0	0	0	0	0	0	0	0	0	0	4.50000	1	1	0	0	0	0	0	0	0
390	2024-04-26 20:08:15	0.00205213	0.00191343	0.00900907	0.0042045	-0.00876486	4.71616	0.151128	-0.584609	2.01349	-0.0524559	0.454868	-0.215324	4.71616	9.53674e-07	0.364109	5.41204	540.190	891.78200	3806.50000	0	0	-1.82573	-1.82573	4.32500	4.21745e+09	0.273551	2.57349	0.0601509	-2.00769	0	0	0	0.000	0	0	0	0	0	0	0	0	0	0	0	0	0	0	0.364109	5.41204	540.190	891.78200	3806.50000	0	0	-1.82573	-1.82573	4.32500	4.21745e+09	2.00687	9.05599	0.0159422	0.0875	0	0	0	0.000	0	0	0	0	0	0	0	0	0	0	0	0	0	0	4.70577	1	1	0	0	0	0	0	0	0
391	2024-04-27 01:06:26	0.000866423	0.00335727	0.00860032	0.00707112	-0.00994605	4.60000	0.149869	1.23634	-0.14974	-0.533568	1.36233	-0.588424	4.60000	5.49789e-07	1.80551	5.41204	540.190	891.78200	3806.50000	0	0	-2.01258	-2.01258	4.30000	3.37613e+09	0.274763	2.58000	0.0600274	-1.98993	0	0	0	0.000	0	0	0	0	0	0	0	0	0	0	0	0	0	0	1.80551	5.41204	540.190	891.78200	3806.50000	0	0	-2.01258	-2.01258	4.30000	3.37613e+09	2.0866	9.34867	0.00264435	0.0196649	0	0	0	0.000	0	0	0	0	0	0	0	0	0	0	0	0	0	0	4.70577	1	1	0	0	0	0	0	0	0
392	2024-04-27 20:30:16	0.00245853	0.00377657	0.0111539	0.00423801	-0.00872291	4.60000	0.147168	0.105366	-0.247425	0.0889601	0.748141	-0.778545	4.60000	0.00266794	1.98826	5.41204	540.190	891.78200	3806.50000	0	0	-2.79648	-2.79648	4.32500	2.26751e+09	0.277395	2.59077	0.0595027	-1.93963	0	0	0	0.000	0	0	0	0	0	0	0	0	0	0	0	0	0	0	1.98826	5.41204	540.190	891.78200	3806.50000	0	0	-2.79648	-2.79648	4.32500	2.26751e+09	0.857941	4.09967	0.025714	-0.278499	0	0	0	0.000	0	0	0	0	0	0	0	0	0	0	0	0	0	0	4.70577	1	1	0	0	0	0	0	0	0
393	2024-04-28 08:13:49	0.00423091	0.00511144	0.00476825	0.00640575	0.00373475	4.60000	0.145727	-0.479011	0.394587	0.48311	0.0495805	0.34685	4.60000	0.00106315	1.98826	5.41204	540.190	891.78200	3806.50000	0	0	-2.96549	-2.96549	4.25000	2.07828e+09	0.27882	2.59271	0.0577274	-1.89887	0	0	0	0.000	0	0	0	0	0	0	0	0	0	0	0	0	0	0	1.98826	5.41204	540.190	891.78200	3806.50000	0	0	-2.96549	-2.96549	4.25000	2.07828e+09	0.991136	4.60140	0.025255	-0.142555	0	0	0	0.000	0	0	0	0	0	0	0	0	0	0	0	0	0	0	4.70577	1	1	0	0	0	0	0	0	0
394	2024-04-28 17:40:21	0.00634683	0.00205213	0.00191343	0.00900907	0.0042045	4.60000	0.144646	-0.896888	-0.584609	2.01349	-0.0524559	0.454868	4.60000	0.000467804	2.96549	5.41204	540.190	891.78200	3806.50000	0	0	-1.89729	-1.89729	4.20000	3.38086e+09	0.279898	2.59493	0.0565781	-1.87098	0	0	0	0.000	0	0	0	0	0	0	0	0	0	0	0	0	0	0	2.96549	5.41204	540.190	891.78200	3806.50000	0	0	-1.89729	-1.89729	4.20000	3.38086e+09	1.10998	5.00696	0.00361633	-0.0108644	0	0	0	0.000	0	0	0	0	0	0	0	0	0	0	0	0	0	0	4.70577	1	1	0	0	0	0	0	0	0
395	2024-04-29 16:21:46	0.00990547	0.000866423	0.00335727	0.00860032	0.00707112	4.60000	0.139957	-0.861066	1.23634	-0.14974	-0.533568	1.36233	4.60000	0.000210569	1.89729	5.41204	540.190	891.78200	3806.50000	0	0	-2.63565	-2.63565	4.17500	2.14476e+09	0.284668	2.61639	0.0555349	-1.79100	0	0	0	0.000	0	0	0	0	0	0	0	0	0	0	0	0	0	0	1.89729	5.41204	540.190	891.78200	3806.50000	0	0	-2.63565	-2.63565	4.17500	2.14476e+09	1.22554	5.46166	0.00824536	-0.0565528	0	0	0	0.000	0	0	0	0	0	0	0	0	0	0	0	0	0	0	4.70577	1	1	0	0	0	0	0	0	0
396	2024-04-30 04:07:48	0.00915124	0.00245853	0.00377657	0.0111539	0.00423801	4.60000	0.138153	0.118164	0.105366	-0.247425	0.0889601	0.748141	4.60000	0.00117946	2.63565	5.41204	540.190	891.78200	3806.50000	0	0	-2.31773	-2.31773	4.15000	2.54741e+09	0.286546	2.62112	0.0568901	-1.74727	0	0	0	0.000	0	0	0	0	0	0	0	0	0	0	0	0	0	0	2.63565	5.41204	540.190	891.78200	3806.50000	0	0	-2.31773	-2.31773	4.15000	2.54741e+09	0.976105	4.39589	0.00577683	-0.1035	0	0	0	0.000	0	0	0	0	0	0	0	0	0	0	0	0	0	0	4.70577	1	1	0	0	0	0	0	0	0
397	2024-04-30 09:35:30	0.0119472	0.00423091	0.00511144	0.00476825	0.00640575	4.60000	0.134183	-0.0150305	-0.479011	0.394587	0.48311	0.0495805	4.60000	0.00117946	1.82916	5.41204	540.190	891.78200	3806.50000	0	0	-2.05672	-2.05672	4.27500	3.00474e+09	0.290767	2.63766	0.0572547	-1.67140	0	0	0	0.000	0	0	0	0	0	0	0	0	0	0	0	0	0	0	1.82916	5.41204	540.190	891.78200	3806.50000	0	0	-2.05672	-2.05672	4.27500	3.00474e+09	0.976105	4.59316	0.00013443	-0.305599	0	0	0	0.000	0	0	0	0	0	0	0	0	0	0	0	0	0	0	4.70577	1	1	0	0	0	0	0	0	0
399	2024-05-06 18:10:40	0.00259263	0.00990547	0.000866423	0.00335727	0.00860032	4.70577	0.137473	-0.721156	-0.861066	1.23634	-0.14974	-0.533568	4.70577	0.0306806	0.900231	10.55760	540.190	891.78200	3806.50000	0	0	-7.07562	-7.07562	4.35144	1.27561e+09	0.287261	2.61873	0.0562337	-1.71621	0	0	0	0.000	0	0	0	0	0	0	0	0	0	0	0	0	0	0	0.900231	10.55760	540.190	891.78200	3806.50000	0	0	-7.07562	-7.07562	4.35144	1.27561e+09	0.504379	2.53983	0.0160329	-0.329788	0	0	0	0.000	0	0	0	0	0	0	0	0	0	0	0	0	0	0	4.70769	1	1	0	0	0	0	0	0	0
400	2024-05-07 12:48:42	0.00532548	0.00915124	0.00245853	0.00377657	0.0111539	4.70577	0.133163	-0.769857	0.118164	0.105366	-0.247425	0.0889601	4.70577	0.240578	6.58532	12.54810	540.190	891.78200	3806.50000	0	0	-7.36174	-7.36174	4.47788	1.43866e+09	0.291872	2.64098	0.0552102	-1.64843	0	0	0	0.000	0	0	0	0	0	0	0	0	0	0	0	0	0	0	6.58532	12.54810	540.190	891.78200	3806.50000	0	0	-7.36174	-7.36174	4.47788	1.43866e+09	0.206248	1.34387	0.00762863	-1.81	0	0	0	0.000	0	0	0	0	0	0	0	0	0	0	0	0	0	0	4.70769	1	1	0	0	0	0	0	0	0
401	2024-05-08 08:40:44	-0.000865956	0.0119472	0.00423091	0.00511144	0.00476825	4.70577	0.134988	0.0238949	-0.0150305	-0.479011	0.394587	0.48311	4.70577	0.001	7.13417	12.52050	540.190	891.78200	3806.50000	0	0	-7.96197	-7.96197	4.55433	1.46867e+09	0.289901	2.62954	0.0584657	-1.67046	0	0	0	0.000	0	0	0	0	0	0	0	0	0	0	0	0	0	0	7.13417	12.52050	540.190	891.78200	3806.50000	0	0	-7.96197	-7.96197	4.55433	1.46867e+09	1	5.06268	0.0577995	-0.356914	0	0	0	0.000	0	0	0	0	0	0	0	0	0	0	0	0	0	0	4.70769	1	1	0	0	0	0	0	0	0
402	2024-05-09 12:36:25	0.00106306	0.00929767	0.00634683	0.00205213	0.00191343	4.70577	0.134655	312.095	-0.133528	-0.896888	-0.584609	2.01349	4.70577	0	7.77961	7.77961	540.190	891.78200	3806.50000	0	0	-8.94328	-8.94328	4.70577	1.50345e+09	0.290259	2.63398	0.0583063	-1.67459	0	0	0	0.000	0	0	0	0	0	0	0	0	0	0	0	0	0	0	7.77961	7.77961	540.190	891.78200	3806.50000	0	0	-8.94328	-8.94328	4.70577	1.50345e+09	313.071	1473.84000	6.89317e-26	-0.00192308	0	0	0	0.000	0	0	0	0	0	0	0	0	0	0	0	0	0	0	4.70769	1	1	0	0	0	0	0	0	0
403	2024-05-10 01:35:38	0.00142477	0.00259263	0.00990547	0.000866423	0.00335727	4.70769	0.136127	156.031	-0.721156	-0.861066	1.23634	-0.14974	4.70769	0	2.76788	2.76788	540.190	891.78200	3806.50000	0	0	-3.309	-3.309	4.70625	4.06609e+09	0.288686	2.62727	0.0576835	-1.70081	0	0	0	0.000	0	0	0	0	0	0	0	0	0	0	0	0	0	0	2.76788	2.76788	540.190	891.78200	3806.50000	0	0	-3.309	-3.309	4.70625	4.06609e+09	156.536	737.14700	0.0226548	-0.00144231	0	0	0	0.000	0	0	0	0	0	0	0	0	0	0	0	0	0	0	4.20000	1	0	0	0	0	0	0	0	0
404	2024-05-14 02:34:14	-0.00241668	0.00532548	0.00915124	0.00245853	0.00377657	4.70769	0.135405	0.272842	-0.769857	0.118164	0.105366	-0.247425	4.70769	0.0365366	2.53259	2.53259	540.190	891.78200	3806.50000	0	0	-6.57329	-6.57329	4.70673	1.80874e+09	0.289455	2.63173	0.057518	-1.69203	0	0	0	0.000	0	0	0	0	0	0	0	0	0	0	0	0	0	0	2.53259	2.53259	540.190	891.78200	3806.50000	0	0	-6.57329	-6.57329	4.70673	1.80874e+09	0.479091	2.70649	0.0300217	-0.941543	0	0	0	0.000	0	0	0	0	0	0	0	0	0	0	0	0	0	0	4.30000	1	0	0	0	0	0	0	0	0
405	2024-05-17 03:49:55	-5.9531e-05	-0.000865956	0.0119472	0.00423091	0.00511144	4.20000	0.135044	-0.4618	0.0238949	-0.0150305	-0.479011	0.394587	4.20000	0.0242885	5.74549	2.53259	540.190	891.78200	3806.50000	0	0	-8.79804	-8.79804	4.58029	1.19748e+09	0.289842	2.63231	0.0571765	-1.68188	0	0	0	0.000	0	0	0	0	0	0	0	0	0	0	0	0	0	0	5.74549	2.53259	540.190	891.78200	3806.50000	0	0	-8.79804	-8.79804	4.58029	1.19748e+09	0.5382	2.88542	0.00704344	-0.653552	0	0	0	0.000	0	0	0	0	0	0	0	0	0	0	0	0	0	0	4.30000	1	0	0	0	0	0	0	0	0
406	2024-05-18 18:00:29	0.000748051	0.00106306	0.00929767	0.00634683	0.00205213	4.30000	0.133961	-311.939	312.095	-0.133528	-0.896888	-0.584609	4.30000	0.000402133	7.63438	2.53259	540.190	891.78200	3806.50000	0	0	-9.22505	-9.22505	4.47885	9.72371e+08	0.291007	2.63737	0.0570043	-1.66293	0	0	0	0.000	0	0	0	0	0	0	0	0	0	0	0	0	0	0	7.63438	2.53259	540.190	891.78200	3806.50000	0	0	-9.22505	-9.22505	4.47885	9.72371e+08	1.13188	5.48981	0.0260614	-0.142493	0	0	0	0.000	0	0	0	0	0	0	0	0	0	0	0	0	0	0	5.20000	1	1	1	0	0	0	0	0	0
407	2024-05-19 02:55:20	0.00271178	0.00142477	0.00259263	0.00990547	0.000866423	4.30000	0.1336	-153.525	156.031	-0.721156	-0.861066	1.23634	4.30000	9.31323e-10	8.68392	2.53259	540.190	891.78200	3806.50000	0	0	-9.05535	-9.05535	4.35192	8.40099e+08	0.291397	2.63845	0.0569034	-1.65448	0	0	0	0.000	0	0	0	0	0	0	0	0	0	0	0	0	0	0	8.68392	2.53259	540.190	891.78200	3806.50000	0	0	-9.05535	-9.05535	4.35192	8.40099e+08	3.0103	13.47690	0.214483	0.230769	0	0	0	0.000	0	0	0	0	0	0	0	0	0	0	0	0	0	0	5.20000	1	1	1	0	0	0	0	0	0
408	2024-05-20 09:20:15	0.00194215	-0.00241668	0.00532548	0.00915124	0.00245853	4.30000	0.1336	2.53121	0.272842	-0.769857	0.118164	0.105366	4.30000	9.31323e-10	5.01465	2.53259	540.190	891.78200	3806.50000	0	0	-6.28196	-6.28196	4.25000	9.60385e+08	0.291397	2.63886	0.0570878	-1.65588	0	0	0	0.000	0	0	0	0	0	0	0	0	0	0	0	0	0	0	5.01465	2.53259	540.190	891.78200	3806.50000	0	0	-6.28196	-6.28196	4.25000	9.60385e+08	3.0103	13.24530	2.43011e-26	-0.1	0	0	0	0.000	0	0	0	0	0	0	0	0	0	0	0	0	0	0	5.20000	1	1	1	0	0	0	0	0	0
409	2024-05-22 08:00:40	-0.00153927	-5.9531e-05	-0.000865956	0.0119472	0.00423091	4.30000	0.136488	0.00429243	-0.4618	0.0238949	-0.0150305	-0.479011	4.30000	0.0235789	3.2294	2.53259	540.190	891.78200	3806.50000	0	0	-5.17413	-5.17413	4.25000	2.16861e+09	0.288302	2.62496	0.0576243	-1.70489	0	0	0	0.000	0	0	0	0	0	0	0	0	0	0	0	0	0	0	3.2294	2.53259	540.190	891.78200	3806.50000	0	0	-5.17413	-5.17413	4.25000	2.16861e+09	0.542492	2.75714	0.0203003	-0.782353	0	0	0	0.000	0	0	0	0	0	0	0	0	0	0	0	0	0	0	4.10000	1	0	0	0	0	0	0	0	0
410	2024-05-23 13:59:28	-0.00116528	0.000748051	0.00106306	0.00929767	0.00634683	5.20000	0.135044	-0.678093	-311.939	312.095	-0.133528	-0.896888	5.20000	0.0435158	3.58346	13.97220	531.629	891.78200	3806.50000	0	0	-4.83263	-4.83263	4.47500	2.18421e+09	0.289842	2.63221	0.0607722	-1.68154	0	0	0	0.000	0	0	0	0	0	0	0	0	0	0	0	0	0	0	3.58346	13.97220	531.629	891.78200	3806.50000	0	0	-4.83263	-4.83263	4.47500	2.18421e+09	0.453784	2.40697	0.015518	-0.104221	0	0	0	0.000	0	0	0	0	0	0	0	0	0	0	0	0	0	0	4.10000	1	0	0	0	0	0	0	0	0
411	2024-05-24 03:10:04	-0.000779979	0.00271178	0.00142477	0.00259263	0.00990547	5.20000	0.134322	-2.57925	-153.525	156.031	-0.721156	-0.861066	5.20000	0.050915	3.58346	13.97220	531.629	891.78200	3806.50000	0	0	-5.01023	-5.01023	4.40000	2.07127e+09	0.290617	2.63196	0.0591665	-1.65646	0	0	0	0.000	0	0	0	0	0	0	0	0	0	0	0	0	0	0	3.58346	13.97220	531.629	891.78200	3806.50000	0	0	-5.01023	-5.01023	4.40000	2.07127e+09	0.431051	2.24168	0.003805	-0.000491295	0	0	0	0.000	0	0	0	0	0	0	0	0	0	0	0	0	0	0	3.90000	0	0	0	0	0	0	0	0	0
412	2024-05-25 03:48:43	-0.00423883	0.00194215	-0.00241668	0.00532548	0.00915124	5.20000	0.13757	-2.57842	2.53121	0.272842	-0.769857	0.118164	5.20000	0.0506228	5.01023	13.97220	531.629	891.78200	3806.50000	0	0	-4.76977	-4.76977	4.35000	2.03623e+09	0.287159	2.61446	0.0591197	-1.70459	0	0	0	0.000	0	0	0	0	0	0	0	0	0	0	0	0	0	0	5.01023	13.97220	531.629	891.78200	3806.50000	0	0	-4.76977	-4.76977	4.35000	2.03623e+09	0.431885	2.22375	0.00561055	0.0510532	0	0	0	0.000	0	0	0	0	0	0	0	0	0	0	0	0	0	0	4.80000	1	1	0	0	0	0	0	0	0
413	2024-05-27 21:48:49	0.00192666	-0.00153927	-5.9531e-05	-0.000865956	0.0119472	5.20000	0.134683	1.54411	0.00429243	-0.4618	0.0238949	-0.0150305	5.20000	5.49789e-07	5.01023	13.97220	531.629	891.78200	3806.50000	0	0	-5.5751	-5.5751	4.27500	1.6417e+09	0.290229	2.63384	0.0594234	-1.67503	0	0	0	0.000	0	0	0	0	0	0	0	0	0	0	0	0	0	0	5.01023	13.97220	531.629	891.78200	3806.50000	0	0	-5.5751	-5.5751	4.27500	1.6417e+09	2.0866	9.29651	1.07605	0.744665	0	0	0	0.000	0	0	0	0	0	0	0	0	0	0	0	0	0	0	5.20000	1	1	1	0	0	0	0	0	0
414	2024-05-29 02:41:51	0.00194736	-0.00116528	0.000748051	0.00106306	0.00929767	5.20000	0.13324	1.63282	-0.678093	-311.939	312.095	-0.133528	5.20000	5.49789e-07	5.01023	13.97220	531.629	891.78200	3806.50000	0	0	-5.52943	-5.52943	3.92500	6.35044e+08	0.291789	2.63581	0.0575572	-1.63329	0	0	0	0.000	0	0	0	0	0	0	0	0	0	0	0	0	0	0	5.01023	13.97220	531.629	891.78200	3806.50000	0	0	-5.52943	-5.52943	3.92500	6.35044e+08	2.0866	8.57899	0.00181192	-0.0114638	0	0	0	0.000	0	0	0	0	0	0	0	0	0	0	0	0	0	0	5.20000	1	1	1	0	0	0	0	0	0
415	2024-05-29 23:54:44	0.00235257	-0.000779979	0.00271178	0.00142477	0.00259263	4.10000	0.132157	0.285172	-2.57925	-153.525	156.031	-0.721156	4.10000	0.00710119	5.01023	13.97220	531.629	891.78200	3806.50000	0	0	-5.86435	-5.86435	3.92500	8.6656e+08	0.29297	2.63816	0.056287	-1.60489	0	0	0	0.000	0	0	0	0	0	0	0	0	0	0	0	0	0	0	5.01023	13.97220	531.629	891.78200	3806.50000	0	0	-5.86435	-5.86435	3.92500	8.6656e+08	0.716223	3.20025	0.0315459	-0.368233	0	0	0	0.000	0	0	0	0	0	0	0	0	0	0	0	0	0	0	5.20000	1	1	1	0	0	0	0	0	0
416	2024-05-30 01:11:38	0.00268304	-0.00423883	0.00194215	-0.00241668	0.00532548	4.60000	0.135044	0.0591712	-2.57842	2.53121	0.272842	-0.769857	4.60000	0.0336382	9.60728	20.47110	531.629	891.78200	3806.50000	0	0	-4.89091	-4.89091	4.05000	1.49257e+09	0.289842	2.62305	0.0573065	-1.64993	0	0	0	0.000	0	0	0	0	0	0	0	0	0	0	0	0	0	0	9.60728	20.47110	531.629	891.78200	3806.50000	0	0	-4.89091	-4.89091	4.05000	1.49257e+09	0.491056	2.37785	0.00757117	-0.242325	0	0	0	0.000	0	0	0	0	0	0	0	0	0	0	0	0	0	0	5.20000	1	1	1	0	0	0	0	0	0
417	2024-05-30 12:09:50	0.00195258	0.00192666	-0.00153927	-5.9531e-05	-0.000865956	4.80000	0.132879	-1.47134	1.54411	0.00429243	-0.4618	0.0238949	4.80000	0.0142632	7.71595	19.98330	531.629	891.78200	3806.50000	0	0	-2.59793	-2.59793	4.27500	3.16274e+09	0.292182	2.63645	0.0589811	-1.62333	0	0	0	0.000	0	0	0	0	0	0	0	0	0	0	0	0	0	0	7.71595	19.98330	531.629	891.78200	3806.50000	0	0	-2.59793	-2.59793	4.27500	3.16274e+09	0.615261	2.97529	0.0119256	-0.0358235	0	0	0	0.000	0	0	0	0	0	0	0	0	0	0	0	0	0	0	5.20000	1	1	1	0	0	0	0	0	0
418	2024-05-30 15:52:17	0.00317079	0.00194736	-0.00116528	0.000748051	0.00106306	4.80000	0.130353	-0.916931	1.63282	-0.678093	-311.939	312.095	4.80000	0.000309734	6.37484	19.98330	531.629	891.78200	3806.50000	0	0	-1.54891	-1.54891	4.42500	5.80263e+09	0.29496	2.64345	0.0624089	-1.56206	0	0	0	0.000	0	0	0	0	0	0	0	0	0	0	0	0	0	0	6.37484	19.98330	531.629	891.78200	3806.50000	0	0	-1.54891	-1.54891	4.42500	5.80263e+09	1.16967	5.52084	0.0575476	0.08	0	0	0	0.000	0	0	0	0	0	0	0	0	0	0	0	0	0	0	5.20000	1	1	1	0	0	0	0	0	0
419	2024-05-31 17:10:59	-0.00157259	0.00235257	-0.000779979	0.00271178	0.00142477	4.80000	0.1336	-0.0869577	0.285172	-2.57925	-153.525	156.031	4.80000	0.0129481	0.664965	19.98330	531.629	891.78200	3806.50000	0	0	-1.71962	-1.71962	4.52500	8.50711e+09	0.291397	2.62392	0.0660605	-1.60460	0	0	0	0.000	0	0	0	0	0	0	0	0	0	0	0	0	0	0	0.664965	19.98330	531.629	891.78200	3806.50000	0	0	-1.71962	-1.71962	4.52500	8.50711e+09	0.629265	3.19248	0.0152569	-0.273342	0	0	0	0.000	0	0	0	0	0	0	0	0	0	0	0	0	0	0	5.00000	1	1	1	0	0	0	0	0	0
420	2024-06-01 00:32:39	0.00312838	0.00268304	-0.00423883	0.00194215	-0.00241668	5.20000	0.132157	0.121235	0.0591712	-2.57842	2.53121	0.272842	5.20000	0.0145589	1.66622	9.38216	533.547	891.78200	3806.50000	0	0	-1.97293	-1.97293	4.67500	7.23489e+09	0.29297	2.63672	0.0592283	-1.59995	0	0	0	0.000	0	0	0	0	0	0	0	0	0	0	0	0	0	0	1.66622	9.38216	533.547	891.78200	3806.50000	0	0	-1.97293	-1.97293	4.67500	7.23489e+09	0.61229	3.20751	0.00122776	-0.0385443	0	0	0	0.000	0	0	0	0	0	0	0	0	0	0	0	0	0	0	5.00000	1	1	1	0	0	0	0	0	0
421	2024-06-02 01:27:23	-0.000588528	0.00195258	0.00192666	-0.00153927	-5.9531e-05	5.20000	0.13342	-0.021016	-1.47134	1.54411	0.00429243	-0.4618	5.20000	0.0164917	1.51584	9.38216	533.547	891.78200	3806.50000	0	0	-2.55385	-2.55385	4.60000	6.09999e+09	0.291593	2.63045	0.0585341	-1.62097	0	0	0	0.000	0	0	0	0	0	0	0	0	0	0	0	0	0	0	1.51584	9.38216	533.547	891.78200	3806.50000	0	0	-2.55385	-2.55385	4.60000	6.09999e+09	0.594245	3.07858	0.00573574	0.0193424	0	0	0	0.000	0	0	0	0	0	0	0	0	0	0	0	0	0	0	4.50000	1	1	0	0	0	0	0	0	0
422	2024-06-02 01:28:36	-0.00277817	0.00317079	0.00194736	-0.00116528	0.000748051	5.20000	0.132879	-0.377486	-0.916931	1.63282	-0.678093	-311.939	5.20000	0.00420192	2.39938	3.06434	533.547	891.78200	3806.50000	0	0	-2.40022	-2.40022	4.75000	6.61491e+09	0.292182	2.63517	0.0567116	-1.61894	0	0	0	0.000	0	0	0	0	0	0	0	0	0	0	0	0	0	0	2.39938	3.06434	533.547	891.78200	3806.50000	0	0	-2.40022	-2.40022	4.75000	6.61491e+09	0.792184	4.10793	0.0127008	0.0144286	0	0	0	0.000	0	0	0	0	0	0	0	0	0	0	0	0	0	0	4.10000	1	0	0	0	0	0	0	0	0
423	2024-06-05 06:46:06	0.0152243	-0.00157259	0.00235257	-0.000779979	0.00271178	5.20000	0.120264	-0.0986834	-0.0869577	0.285172	-2.57925	-153.525	5.20000	0.0256009	1.34557	3.06434	533.547	891.78200	3806.50000	0	0	-4.56605	-4.56605	4.80000	3.33155e+09	0.306622	2.70030	0.0539412	-1.40663	0	1.03885	0	0.000	0	0	0	0	0	0	0	0	0	0	0	0	0	0	1.34557	3.06434	533.547	891.78200	3806.50000	0	0	-4.56605	-4.56605	4.80000	3.33155e+09	0.530582	2.92308	0.0122456	-0.309198	0	1.03885	0	0.000	0	0	0	0	0	0	0	0	0	0	0	0	0	0	4.10000	1	0	0	0	0	0	0	0	0
425	2024-06-11 21:51:32	0.0172088	-0.000588528	0.00195258	0.00192666	-0.00153927	4.10000	0.118466	0.296434	-0.021016	-1.47134	1.54411	0.00429243	4.10000	0.00212796	5.63793	3.06434	533.547	891.78200	3806.50000	0	0	-9.8501	-9.8501	4.37500	9.69308e+08	0.308802	2.69562	0.0677413	-3.52928	0	0	0	0.000	0	0	0	0	0	0	0	0	0	0	0	0	0	0	5.63793	3.06434	533.547	891.78200	3806.50000	0	0	-9.8501	-9.8501	4.37500	9.69308e+08	0.890679	4.24177	0.0298771	0.237596	0	0	0	0.000	0	0	0	0	0	0	0	0	0	0	0	0	0	0	3.80000	0	0	0	0	0	0	0	0	0
427	2024-06-18 03:46:57	0.00288444	0.0152243	-0.00157259	0.00235257	-0.000779979	4.40000	0.117891	0.325975	-0.0986834	-0.0869577	0.285172	-2.57925	4.40000	0.00269358	9.8501	3.06434	533.547	891.78200	3806.50000	0	0	-12.8756	-12.8756	4.05000	4.02974e+08	0.309506	2.69176	0.0685143	-3.49696	0	0	0	0.000	0	0	0	0	0	0	0	0	0	0	0	0	0	0	9.8501	3.06434	533.547	891.78200	3806.50000	0	0	-12.8756	-12.8756	4.05000	4.02974e+08	0.856557	3.81411	0.00130007	-0.0528371	0	0	0	0.000	0	0	0	0	0	0	0	0	0	0	0	0	0	0	4.34000	1	0	0	0	0	0	0	0	0
428	2024-06-21 04:25:56	0.00270042	0.0132193	0.00312838	0.00268304	-0.00423883	4.34000	0.118394	0.0458289	-0.0758126	0.121235	0.0591712	-2.57842	4.34000	0.0179093	16.0961	3.06434	533.547	891.78200	3806.50000	0	0	-14.5241	-14.5241	4.16000	4.09602e+08	0.30889	2.68945	0.0688554	-3.50683	0	0	0	0.000	0	0	0	0	0	0	0	0	0	0	0	0	0	0	16.0961	3.06434	533.547	891.78200	3806.50000	0	0	-14.5241	-14.5241	4.16000	4.09602e+08	0.582307	2.76745	0.0191741	-0.352562	0	0	0	0.000	0	0	0	0	0	0	0	0	0	0	0	0	0	0	4.34000	1	0	0	0	0	0	0	0	0
429	2024-06-21 07:57:56	0.000792485	0.0172088	-0.000588528	0.00195258	0.00192666	4.34000	0.117819	-0.659311	0.296434	-0.021016	-1.47134	1.54411	4.34000	0.202253	14.5241	3.06434	533.547	891.78200	3806.50000	0	0	-9.42111	-9.42111	4.22000	6.82925e+08	0.309594	2.69219	0.0686041	-3.49588	0	0	0	0.000	0	0	0	0	0	0	0	0	0	0	0	0	0	0	14.5241	3.06434	533.547	891.78200	3806.50000	0	0	-9.42111	-9.42111	4.22000	6.82925e+08	0.231368	1.36545	0.0536476	-1.50163	0	0	0	0.000	0	0	0	0	0	0	0	0	0	0	0	0	0	0	4.34000	1	0	0	0	0	0	0	0	0
430	2024-06-23 14:27:09	0.000695194	0.0183869	-0.00277817	0.00317079	0.00194736	4.34000	0.116469	0.0141348	0.193681	-0.377486	-0.916931	1.63282	4.34000	0.001	9.42111	3.06434	533.547	891.78200	3806.50000	0	0	-10.6176	-10.6176	4.20500	5.91276e+08	0.311264	2.69807	0.0682067	-3.46813	0	0	0	0.000	0	0	0	0	0	0	0	0	0	0	0	0	0	0	9.42111	3.06434	533.547	891.78200	3806.50000	0	0	-10.6176	-10.6176	4.20500	5.91276e+08	1	4.71336	0.043069	-0.373356	0	0	0	0.000	0	0	0	0	0	0	0	0	0	0	0	0	0	0	4.34000	1	0	0	0	0	0	0	0	0
432	2024-07-10 19:54:40	0.00686532	0.00270042	0.0132193	0.00312838	0.00268304	0.00000	0.112911	-0.0617287	0.0458289	-0.0758126	0.121235	0.0591712	0.00000	0.0274325	2.8436	3.06434	533.547	891.78200	3806.50000	0	0	-19.645	-19.645	4.34000	3.39e+08	0.315755	2.70923	0.071608	-3.38017	0	0	0	0.000	0	0	0	0	0	0	0	0	0	0	0	0	0	0	2.8436	3.06434	533.547	891.78200	3806.50000	0	0	-19.645	-19.645	4.34000	3.39e+08	0.520578	2.86137	0	-1.15652	0	0	0	0.000	0	0	0	0	0	0	0	0	0	0	0	0	0	0	3.90000	0	0	0	0	0	0	0	0	0
433	2024-07-12 18:51:13	0.00995303	0.000792485	0.0172088	-0.000588528	0.00195258	4.10000	0.109991	0.458931	-0.659311	0.296434	-0.021016	-1.47134	4.10000	0.00849384	19.4977	3.06434	533.547	891.78200	3806.50000	0	0	-21.4537	-21.4537	4.28000	2.74969e+08	0.319547	2.72129	0.0721294	-3.31608	0	0	0	0.000	0	0	0	0	0	0	0	0	0	0	0	0	0	0	19.4977	3.06434	533.547	891.78200	3806.50000	0	0	-21.4537	-21.4537	4.28000	2.74969e+08	0.690299	3.46283	0.000414793	-0.676429	0	0	0	0.000	0	0	0	0	0	0	0	0	0	0	0	0	0	0	4.40000	1	0	0	0	0	0	0	0	0
435	2024-07-23 21:35:59	0.00999979	0.00344501	0.00288444	0.0152243	-0.00157259	4.40000	0.107435	0.225535	0.143443	0.325975	-0.0986834	-0.0869577	4.40000	0.000210569	23.7684	3.06434	533.547	891.78200	3806.50000	0	0	-29.8717	-29.8717	4.18500	1.9243e+08	0.322951	2.73264	0.0701729	-3.26146	0	0	0	0.000	0	0	0	0	0	0	0	0	0	0	0	0	0	0	23.7684	3.06434	533.547	891.78200	3806.50000	0	0	-29.8717	-29.8717	4.18500	1.9243e+08	1.22554	5.47392	0.0124139	-0.0665528	0	0	0	0.000	0	0	0	0	0	0	0	0	0	0	0	0	0	0	4.30000	1	0	0	0	0	0	0	0	0
436	2024-07-26 02:23:59	0.00864324	0.00686532	0.00270042	0.0132193	0.00312838	4.20000	0.106367	0.554529	-0.0617287	0.0458289	-0.0758126	0.121235	4.20000	0.000595222	29.8717	3.06434	533.547	891.78200	3806.50000	0	0	-15.2704	-15.2704	4.15000	3.70184e+08	0.324398	2.73711	0.0703883	-3.23750	0	0	0	0.000	0	0	0	0	0	0	0	0	0	0	0	0	0	0	29.8717	3.06434	533.547	891.78200	3806.50000	0	0	-15.2704	-15.2704	4.15000	3.70184e+08	1.07511	4.80675	0.00406141	-0.0709474	0	0	0	0.000	0	0	0	0	0	0	0	0	0	0	0	0	0	0	4.00000	1	0	0	0	0	0	0	0	0
439	2024-08-28 20:14:52	0.00096348	0.00999979	0.00344501	0.00288444	0.0152243	0.00000	0.106723	-0.49641	0.225535	0.143443	0.325975	-0.0986834	0.00000	0.00649567	22.0296	3.06434	533.547	891.78200	3806.50000	0	0	-35.9437	-35.9437	4.22500	1.78603e+08	0.323914	2.73370	0.0697374	-3.23957	0	0	0	0.000	0	0	0	0	0	0	0	0	0	0	0	0	0	0	22.0296	3.06434	533.547	891.78200	3806.50000	0	0	-35.9437	-35.9437	4.22500	1.78603e+08	0.729125	3.42561	0.0230003	-0.298242	0	0	0	0.000	0	0	0	0	0	0	0	0	0	0	0	0	0	0	5.00000	1	1	1	0	0	0	0	0	0
440	2024-08-31 18:21:42	-0.000483899	0.00864324	0.00686532	0.00270042	0.0132193	4.40000	0.106723	-0.233742	0.554529	-0.0617287	0.0458289	-0.0758126	4.40000	0.00299161	35.9437	3.06434	533.547	891.78200	3806.50000	0	0	-36.6651	-36.6651	4.27500	1.95862e+08	0.323914	2.73521	0.0695661	-3.24424	0	0	0	0.000	0	0	0	0	0	0	0	0	0	0	0	0	0	0	35.9437	3.06434	533.547	891.78200	3806.50000	0	0	-36.6651	-36.6651	4.27500	1.95862e+08	0.841365	4.01714	0.00297358	-0.374558	0	0	0	0.000	0	0	0	0	0	0	0	0	0	0	0	0	0	0	5.00000	1	1	1	0	0	0	0	0	0
441	2024-09-02 08:26:25	-0.00480333	0.00582305	0.00995303	0.000792485	0.0172088	4.50000	0.109219	-0.48383	0.73615	0.458931	-0.659311	0.296434	4.50000	0.00148642	36.6651	3.06434	533.547	891.78200	3806.50000	0	0	-38.0038	-38.0038	4.32500	2.71409e+08	0.320567	2.72068	0.0701061	-3.28708	0	0	0	0.000	0	0	0	0	0	0	0	0	0	0	0	0	0	0	36.6651	3.06434	533.547	891.78200	3806.50000	0	0	-38.0038	-38.0038	4.32500	2.71409e+08	0.942619	4.46590	0.036448	-0.23776	0	0	0	0.000	0	0	0	0	0	0	0	0	0	0	0	0	0	0	4.40000	1	0	0	0	0	0	0	0	0
442	2024-09-07 05:16:51	-0.00618006	0.00335724	0.00977736	0.000695194	0.0183869	5.00000	0.111006	-0.57217	0.383709	0.0427395	0.0141348	0.193681	5.00000	0.0027363	24.9515	95.30190	533.547	891.78200	3806.50000	0	0	-29.8198	-29.8198	4.57500	3.72409e+08	0.318218	2.71460	0.0666459	-3.33062	0	0	0	0.000	0	0	0	0	0	0	0	0	0	0	0	0	0	0	24.9515	95.30190	533.547	891.78200	3806.50000	0	0	-29.8198	-29.8198	4.57500	3.72409e+08	0.854279	4.28461	0.0104075	-0.0154739	0	0	0	0.000	0	0	0	0	0	0	0	0	0	0	0	0	0	0	4.40000	1	0	0	0	0	0	0	0	0
443	2024-09-11 13:41:10	-0.00708904	0.00096348	0.00999979	0.00344501	0.00288444	4.40000	0.112079	0.213494	-0.49641	0.225535	0.143443	0.325975	4.40000	0.00148642	9.37638	95.30190	533.547	891.78200	3806.50000	0	0	-13.7266	-13.7266	4.57500	8.09025e+08	0.316825	2.71044	0.0676864	-3.35498	0	0	0	0.000	0	0	0	0	0	0	0	0	0	0	0	0	0	0	9.37638	95.30190	533.547	891.78200	3806.50000	0	0	-13.7266	-13.7266	4.57500	8.09025e+08	0.942619	4.65754	0.00860073	0.0589425	0	0	0	0.000	0	0	0	0	0	0	0	0	0	0	0	0	0	0	4.40000	1	0	0	0	0	0	0	0	0
444	2024-09-11 21:15:49	-0.00708904	-0.000483899	0.00864324	0.00686532	0.00270042	4.40000	0.112079	0.162069	-0.233742	0.554529	-0.0617287	0.0458289	4.40000	0.000976562	10.8052	95.30190	533.547	891.78200	3806.50000	0	0	-11.1209	-11.1209	4.57500	9.98584e+08	0.316825	2.71160	0.0680814	-3.35865	0	0	0	0.000	0	0	0	0	0	0	0	0	0	0	0	0	0	0	10.8052	95.30190	533.547	891.78200	3806.50000	0	0	-11.1209	-11.1209	4.57500	9.98584e+08	1.00343	4.96699	0.0100688	0.05	0	0	0	0.000	0	0	0	0	0	0	0	0	0	0	0	0	0	0	4.40000	1	0	0	0	0	0	0	0	0
445	2024-09-12 03:28:14	-0.00466358	-0.00480333	0.00582305	0.00995303	0.000792485	4.40000	0.112795	0.0573808	-0.48383	0.73615	0.458931	-0.659311	4.40000	0.001	9.53431	95.30190	533.547	891.78200	3806.50000	0	0	-9.79293	-9.79293	4.55000	1.10349e+09	0.315904	2.70590	0.0682215	-3.36559	0	0	0	0.000	0	0	0	0	0	0	0	0	0	0	0	0	0	0	9.53431	95.30190	533.547	891.78200	3806.50000	0	0	-9.79293	-9.79293	4.55000	1.10349e+09	1	5.00154	1.06089e-06	-0.00154499	0	0	0	0.000	0	0	0	0	0	0	0	0	0	0	0	0	0	0	4.30000	1	0	0	0	0	0	0	0	0
447	2024-09-18 17:10:14	-0.000461586	-0.00708904	0.00096348	0.00999979	0.00344501	4.40000	0.112437	0.0608141	0.213494	-0.49641	0.225535	0.143443	4.40000	0.000976563	1.63777	95.30190	533.547	891.78200	3806.50000	0	0	-7.14519	-7.14519	4.37500	9.84196e+08	0.316364	2.70766	0.0684942	-3.35868	0	0	0	0.000	0	0	0	0	0	0	0	0	0	0	0	0	0	0	1.63777	95.30190	533.547	891.78200	3806.50000	0	0	-7.14519	-7.14519	4.37500	9.84196e+08	1.00343	4.89838	0.000151233	-0.481617	0	0	0	0.000	0	0	0	0	0	0	0	0	0	0	0	0	0	0	4.80000	1	1	0	0	0	0	0	0	0
449	2024-10-08 16:14:18	0.00143827	-0.00466358	-0.00480333	0.00582305	0.00995303	0.00000	0.11168	-0.121807	0.0573808	-0.48383	0.73615	0.458931	0.00000	0.00231965	9.30758	112.73600	533.547	891.78200	3806.50000	0	0	-26.532	-26.532	4.40000	3.24501e+08	0.317342	2.71117	0.0680529	-3.34337	0	0	0	0.000	0	0	0	0	0	0	0	0	0	0	0	0	0	0	9.30758	112.73600	533.547	891.78200	3806.50000	0	0	-26.532	-26.532	4.40000	3.24501e+08	0.878193	4.20910	0.00132545	0.00708763	0	0	0	0.000	0	0	0	0	0	0	0	0	0	0	0	0	0	0	4.30000	1	0	0	0	0	0	0	0	0
450	2024-10-10 12:40:50	0.00381248	-0.00185446	-0.00618006	0.00335724	0.00977736	4.40000	0.109514	-0.382786	0.395109	-0.57217	0.383709	0.0427395	4.40000	0.00251302	25.4686	112.73600	533.547	891.78200	3806.50000	0	0	-27.3203	-27.3203	4.40000	2.91681e+08	0.320176	2.72259	0.0683721	-3.30342	0	0	0	0.000	0	0	0	0	0	0	0	0	0	0	0	0	0	0	25.4686	112.73600	533.547	891.78200	3806.50000	0	0	-27.3203	-27.3203	4.40000	2.91681e+08	0.866602	4.15810	0.00133709	0.0018322	0	0	0	0.000	0	0	0	0	0	0	0	0	0	0	0	0	0	0	4.30000	1	0	0	0	0	0	0	0	0
451	2024-10-11 12:52:08	0.00669802	-0.000461586	-0.00708904	0.00096348	0.00999979	4.40000	0.107353	-0.136832	0.0608141	0.213494	-0.49641	0.225535	4.40000	0.00251302	21.8129	112.73600	533.547	891.78200	3806.50000	0	0	-22.8208	-22.8208	4.35000	3.32125e+08	0.323062	2.73218	0.068041	-3.25714	0	0	0	0.000	0	0	0	0	0	0	0	0	0	0	0	0	0	0	21.8129	112.73600	533.547	891.78200	3806.50000	0	0	-22.8208	-22.8208	4.35000	3.32125e+08	0.866602	4.14600	0.000457672	0.0157895	0	0	0	0.000	0	0	0	0	0	0	0	0	0	0	0	0	0	0	4.30000	1	0	0	0	0	0	0	0	0
452	2024-10-13 11:36:32	0.00910322	-0.000895312	-0.00708904	-0.000483899	0.00864324	4.40000	0.105901	1.01718	-0.125241	0.162069	-0.233742	0.554529	4.40000	2.06005e-06	20.084	112.73600	533.547	891.78200	3806.50000	0	0	-22.0315	-22.0315	4.35000	3.61701e+08	0.325033	2.73898	0.0675372	-3.22676	0	0	0	0.000	0	0	0	0	0	0	0	0	0	0	0	0	0	0	20.084	112.73600	533.547	891.78200	3806.50000	0	0	-22.0315	-22.0315	4.35000	3.61701e+08	1.89537	8.62116	0.116879	0.251471	0	0	0	0.000	0	0	0	0	0	0	0	0	0	0	0	0	0	0	4.80000	1	1	0	0	0	0	0	0	0
453	2024-10-14 13:17:15	0.00968716	0.00143827	-0.00466358	-0.00480333	0.00582305	4.40000	0.104451	0.626957	-0.121807	0.0573808	-0.48383	0.73615	4.40000	3.05176e-05	4.80711	112.73600	533.547	891.78200	3806.50000	0	0	-5.87705	-5.87705	4.22500	1.04475e+09	0.327029	2.74634	0.0683161	-3.19784	0	0	0	0.000	0	0	0	0	0	0	0	0	0	0	0	0	0	0	4.80711	112.73600	533.547	891.78200	3806.50000	0	0	-5.87705	-5.87705	4.22500	1.04475e+09	1.50515	6.73555	0.00566369	-0.075	0	0	0	0.000	0	0	0	0	0	0	0	0	0	0	0	0	0	0	4.80000	1	1	0	0	0	0	0	0	0
455	2024-10-27 10:21:45	-0.000884899	0.00669802	-0.000461586	-0.00708904	0.00096348	0.00000	0.108011	0.18519	-0.136832	0.0608141	0.213494	-0.49641	0.00000	0.000699239	5.04598	136.52200	533.547	891.78200	3806.50000	0	0	-15.8956	-15.8956	4.37500	5.93505e+08	0.322177	2.73006	0.0671536	-3.27380	0	0	0	0.000	0	0	0	0	0	0	0	0	0	0	0	0	0	0	5.04598	136.52200	533.547	891.78200	3806.50000	0	0	-15.8956	-15.8956	4.37500	5.93505e+08	1.05179	4.99066	0.00311325	0.055083	0	0	0	0.000	0	0	0	0	0	0	0	0	0	0	0	0	0	0	4.80000	1	1	0	0	0	0	0	0	0
457	2024-11-05 18:08:26	-0.00627973	0.00968716	0.00143827	-0.00466358	-0.00480333	4.80000	0.109082	-1.16754	0.626957	-0.121807	0.0573808	-0.48383	4.80000	0.0970884	17.1257	40.22720	533.547	891.78200	3806.50000	0	0	-22.2022	-22.2022	4.65000	5.00542e+08	0.320749	2.72944	0.0646361	-3.30956	0	0	0	0.000	0	0	0	0	0	0	0	0	0	0	0	0	0	0	17.1257	40.22720	533.547	891.78200	3806.50000	0	0	-22.2022	-22.2022	4.65000	5.00542e+08	0.337611	1.99020	0.00629871	-1.09496	0	0	0	0.000	0	0	0	0	0	0	0	0	0	0	0	0	0	0	5.00000	1	1	1	0	0	0	0	0	0
460	2024-11-23 17:19:10	0.000705971	-0.00569911	0.00910322	-0.000895312	-0.00708904	0.00000	0.109617	0.00422403	-1.3274	1.01718	-0.125241	0.162069	0.00000	0.0192044	17.6781	21.13980	533.547	891.78200	3806.50000	0	0	-23.0423	-23.0423	4.53750	4.69627e+08	0.32004	2.72264	0.0689472	-3.30720	0	0	0	0.000	0	0	0	0	0	0	0	0	0	0	0	0	0	0	17.6781	21.13980	533.547	891.78200	3806.50000	0	0	-23.0423	-23.0423	4.53750	4.69627e+08	0.5722	2.94141	0.00696979	-0.140528	0	0	0	0.000	0	0	0	0	0	0	0	0	0	0	0	0	0	0	4.60000	1	1	0	0	0	0	0	0	0
463	2024-12-29 15:22:12	-0.00559453	-0.0011906	-0.000884899	0.00669802	-0.000461586	0.00000	0.113194	0.426089	-0.501353	0.18519	-0.136832	0.0608141	0.00000	0.00117603	29.0755	31.21570	533.547	891.78200	3806.50000	0	0	-45.5305	-45.5305	4.31250	1.43924e+08	0.315392	2.70717	0.0709983	-3.38353	0	0	0	0.000	0	0	0	0	0	0	0	0	0	0	0	0	0	0	29.0755	31.21570	533.547	891.78200	3806.50000	0	0	-45.5305	-45.5305	4.31250	1.43924e+08	0.976527	4.55633	0.00237749	-0.0658468	0	0	0	0.000	0	0	0	0	0	0	0	0	0	0	0	0	0	0	3.90000	0	0	0	0	0	0	0	0	0
466	2025-01-11 20:27:09	0.00185384	-0.000692651	-0.00709709	0.00392409	0.00381248	4.40000	0.111047	-0.653064	0.693353	-0.379307	0.0198833	-0.382786	4.40000	0.0227825	43.727	31.21570	533.547	891.78200	3806.50000	0	0	-29.6668	-29.6668	4.12500	1.9397e+08	0.318164	2.72193	0.071269	-3.35510	0	0	0	0.000	0	0	0	0	0	0	0	0	0	0	0	0	0	0	43.727	31.21570	533.547	891.78200	3806.50000	0	0	-29.6668	-29.6668	4.12500	1.9397e+08	0.547466	2.60335	0.0199327	-0.355272	0	0	0	0.000	0	0	0	0	0	0	0	0	0	0	0	0	0	0	4.00000	1	0	0	0	0	0	0	0	0
468	2025-01-19 02:28:06	0.00702432	-0.00464837	0.000705971	-0.00569911	0.00910322	4.00000	0.107833	-0.352076	0.267928	0.00422403	-1.3274	1.01718	4.00000	0.0343433	45.2047	31.21570	533.547	891.78200	3806.50000	0	0	-18.3167	-18.3167	4.17500	2.83611e+08	0.322416	2.73366	0.0724728	-3.27867	0	0	0	0.000	0	0	0	0	0	0	0	0	0	0	0	0	0	0	45.2047	31.21570	533.547	891.78200	3806.50000	0	0	-18.3167	-18.3167	4.17500	2.83611e+08	0.488053	2.45793	0.00108559	-0.636199	0	0	0	0.000	0	0	0	0	0	0	0	0	0	0	0	0	0	0	4.30000	1	0	0	0	0	0	0	0	0
471	2025-04-04 08:54:56	0.0120739	0.00464837	-0.00559453	-0.0011906	-0.000884899	0.00000	0.100846	0.0545939	-0.429061	0.426089	-0.501353	0.18519	0.00000	0.015625	75.0848	31.21570	533.547	891.78200	3806.50000	0	0	-81.8628	-81.8628	4.10000	6.13674e+07	0.332114	2.77306	0.0620501	-3.34971	0	0	0	0.000	0	0	0	0	0	0	0	0	0	0	0	0	0	0	75.0848	31.21570	533.547	891.78200	3806.50000	0	0	-81.8628	-81.8628	4.10000	6.13674e+07	0.60206	2.88876	5.12284e-06	-0.49812	0	0	0	0.000	0	0	0	0	0	0	0	0	0	0	0	0	0	0	4.13333	1	0	0	0	0	0	0	0	0
